cdr3aa	v	j	V_CDR3_J	WT_1	WT_2	WT_4	WT_8	mean_count_WT	Percentages_WT	IL15_9_KO	IL15_10_KO	IL15_11_KO	IL15_12_KO	mean_count_IL15KO	Percentages_IL15KO
CAMREGGTGGYKVVF	TRAV16	TRAJ12	CAMREGGTGGYKVVF_TRAV16_TRAJ12	429	337	60	80	226.5	2.51722605023339	149	75	174	151	137.25	2.37128541810643
CAAEITGNTGKLIF	TRAV4D-3	TRAJ37	CAAEITGNTGKLIF_TRAV4D-3_TRAJ37	267	221	281	168	234.25	2.60335630140031	158	64	65	180	116.75	2.01710435383552
CAASNTNKVVF	TRAV4D-3	TRAJ34	CAASNTNKVVF_TRAV4D-3_TRAJ34	153	95	65	65	94.5	1.05023338519671	104	56	32	91	70.75	1.22235659986178
CAASRNSNNRIFF	TRAV10	TRAJ31	CAASRNSNNRIFF_TRAV10_TRAJ31	284	410	385	317	349	3.8786396977106	420	230	292	456	349.5	6.03835521769178
CALRTGNTGKLIF	TRAV12-3	TRAJ37	CALRTGNTGKLIF_TRAV12-3_TRAJ37	131	94	136	97	114.5	1.27250500111136	112	45	1	94	63	1.08845888044229
CAAPNSAGNKLTF	TRAV4D-4	TRAJ17	CAAPNSAGNKLTF_TRAV4D-4_TRAJ17	224	192	122	140	169.5	1.88375194487664	159	76	87	102	106	1.83137525915688
CAAEAGNMGYKLTF	TRAV4D-4	TRAJ9	CAAEAGNMGYKLTF_TRAV4D-4_TRAJ9	180	68	70	101	104.75	1.16414758835297	98	48	31	72	62.25	1.07550103662751
CAADSGYNKLTF	TRAV4D-4	TRAJ11	CAADSGYNKLTF_TRAV4D-4_TRAJ11	94	67	46	48	63.75	0.70849077572794	60	76	29	48	53.25	0.920006910850035
CAVRRGSALGRLHF	TRAV7-3	TRAJ18	CAVRRGSALGRLHF_TRAV7-3_TRAJ18	104	94	44	78	80	0.889086463658591	70	60	39	64	58.25	1.00639253628196
CALRTGGYKVVF	TRAV12N-3	TRAJ12	CALRTGGYKVVF_TRAV12N-3_TRAJ12	126	104	55	102	96.75	1.07523894198711	121	90	56	124	97.75	1.68883897719419
CAVSTSNMGYKLTF	TRAV7-3	TRAJ9	CAVSTSNMGYKLTF_TRAV7-3_TRAJ9	92	62	61	56	67.75	0.752945098910869	37	91	32	38	49.5	0.855217691776088
CAAELTGNTGKLIF	TRAV4D-3	TRAJ37	CAAELTGNTGKLIF_TRAV4D-3_TRAJ37	90	76	81	39	71.5	0.794621026894866	55	38	23	48	41	0.708362128541811
CAVSPSNMGYKLTF	TRAV7-3	TRAJ9	CAVSPSNMGYKLTF_TRAV7-3_TRAJ9	109	91	19	49	67	0.74460991331407	58	38	59	35	47.5	0.820663441603317
CAASNMGYKLTF	TRAV4N-3	TRAJ9	CAASNMGYKLTF_TRAV4N-3_TRAJ9	72	76	43	31	55.5	0.616803734163147	44	36	26	30	34	0.587422252937111
CAVSESNYNVLYF	TRAV3D-3	TRAJ21	CAVSESNYNVLYF_TRAV3D-3_TRAJ21	75	67	95	88	81.25	0.902978439653256	86	73	129	52	85	1.46855563234278
CAMRVYQGGRALIF	TRAV16N	TRAJ15	CAMRVYQGGRALIF_TRAV16N_TRAJ15	90	109	19	34	63	0.70015559013114	38	24	14	26	25.5	0.440566689702833
CAADNAGAKLTF	TRAV4D-3	TRAJ39	CAADNAGAKLTF_TRAV4D-3_TRAJ39	85	52	40	46	55.75	0.61958212936208	72	34	75	63	61	1.05390463026952
CAVRTGGYKVVF	TRAV7D-6	TRAJ12	CAVRTGGYKVVF_TRAV7D-6_TRAJ12	88	111	33	6	59.5	0.661258057346077	46	89	14	59	52	0.898410504492053
CAASNSAGNKLTF	TRAV4N-3	TRAJ17	CAASNSAGNKLTF_TRAV4N-3_TRAJ17	57	36	28	37	39.5	0.438986441431429	27	31	4	34	24	0.414651002073255
CAATSSGQKLVF	TRAV4N-3	TRAJ16	CAATSSGQKLVF_TRAV4N-3_TRAJ16	48	47	2	43	35	0.388975327850633	31	1	12	34	19.5	0.33690393918452
CAAPASSGSWQLIF	TRAV4N-3	TRAJ22	CAAPASSGSWQLIF_TRAV4N-3_TRAJ22	45	19	56	67	46.75	0.519559902200489	44	45	28	45	40.5	0.699723565998618
CAASIQGGRALIF	TRAV7-2	TRAJ15	CAASIQGGRALIF_TRAV7-2_TRAJ15	58	49	35	38	45	0.500111135807957	27	40	21	56	36	0.621976503109883
CAVSMDYNQGKLIF	TRAV7N-5	TRAJ23	CAVSMDYNQGKLIF_TRAV7N-5_TRAJ23	44	46	44	51	46.25	0.514003111802623	41	36	13	19	27.25	0.470801658604008
CAVNYAQGLTF	TRAV7-3	TRAJ26	CAVNYAQGLTF_TRAV7-3_TRAJ26	80	95	17	58	62.5	0.694598799733274	55	45	41	64	51.25	0.885452660677263
CAAEARQGGRALIF	TRAV4D-4	TRAJ15	CAAEARQGGRALIF_TRAV4D-4_TRAJ15	142	187	119	107	138.75	1.54200933540787	91	62	28	165	86.5	1.49447131997236
CALNTNTGKLTF	TRAV12N-3	TRAJ27	CALNTNTGKLTF_TRAV12N-3_TRAJ27	65	56	15	41	44.25	0.491775950211158	21	12	5	31	17.25	0.298030407740152
CAAPDSNYQLIW	TRAV4D-3	TRAJ33	CAAPDSNYQLIW_TRAV4D-3_TRAJ33	93	105	54	58	77.5	0.86130251166926	83	38	5	78	51	0.881133379405667
CAAYNTNTGKLTF	TRAV14-2	TRAJ27	CAAYNTNTGKLTF_TRAV14-2_TRAJ27	55	66	69	92	70.5	0.783507446099133	66	39	27	88	55	0.950241879751209
CAASPNSNNRIFF	TRAV7-2	TRAJ31	CAASPNSNNRIFF_TRAV7-2_TRAJ31	79	125	101	127	108	1.2002667259391	80	124	90	99	98.25	1.69747753973739
CAVRVMSNYNVLYF	TRAV1	TRAJ21	CAVRVMSNYNVLYF_TRAV1_TRAJ21	45	70	22	11	37	0.411202489442098	11	18	4	36	17.25	0.298030407740152
CAVRRNSNNRIFF	TRAV7-3	TRAJ31	CAVRRNSNNRIFF_TRAV7-3_TRAJ31	83	61	47	32	55.75	0.61958212936208	26	42	15	63	36.5	0.630615065653075
CAAPNYGNEKITF	TRAV4D-4	TRAJ48	CAAPNYGNEKITF_TRAV4D-4_TRAJ48	55	57	6	47	41.25	0.458435207823961	27	59	48	41	43.75	0.755874222529371
CAASTQGGRALIF	TRAV7-2	TRAJ15	CAASTQGGRALIF_TRAV7-2_TRAJ15	38	15	17	16	21.5	0.238941987108246	10	14	10	20	13.5	0.233241188666206
CALGASNTNKVVF	TRAV6D-6	TRAJ34	CALGASNTNKVVF_TRAV6D-6_TRAJ34	61	57	75	49	60.5	0.672371638141809	59	38	26	52	43.75	0.755874222529371
CAAYGSSGNKLIF	TRAV4D-3	TRAJ32	CAAYGSSGNKLIF_TRAV4D-3_TRAJ32	58	53	48	54	53.25	0.59179817737275	35	8	5	23	17.75	0.306668970283345
CAAHGSSGNKLIF	TRAV4D-3	TRAJ32	CAAHGSSGNKLIF_TRAV4D-3_TRAJ32	45	39	8	11	25.75	0.286174705490109	28	11	11	31	20.25	0.349861782999309
CAAHQGGRALIF	TRAV4N-3	TRAJ15	CAAHQGGRALIF_TRAV4N-3_TRAJ15	55	25	27	60	41.75	0.463991998221827	30	44	31	35	35	0.604699378023497
CAASPNTGKLTF	TRAV7-2	TRAJ27	CAASPNTGKLTF_TRAV7-2_TRAJ27	32	27	19	26	26	0.288953100689042	33	10	35	37	28.75	0.496717346233587
CAAGSSNTNKVVF	TRAV4D-3	TRAJ34	CAAGSSNTNKVVF_TRAV4D-3_TRAJ34	61	54	39	25	44.75	0.497332740609024	40	9	52	31	33	0.570145127850726
CAASTNTGKLTF	TRAV7-2	TRAJ27	CAASTNTGKLTF_TRAV7-2_TRAJ27	31	36	16	41	31	0.344521004667704	33	73	27	49	45.5	0.786109191430546
CAASPGGNYKPTF	TRAV7-2	TRAJ6	CAASPGGNYKPTF_TRAV7-2_TRAJ6	34	12	7	26	19.75	0.219493220715715	11	4	13	12	10	0.172771250863856
CALRAGGYKVVF	TRAV12N-3	TRAJ12	CALRAGGYKVVF_TRAV12N-3_TRAJ12	45	46	17	24	33	0.366748166259169	32	40	21	25	29.5	0.509675190048376
CALGASSGSWQLIF	TRAV6D-5	TRAJ22	CALGASSGSWQLIF_TRAV6D-5_TRAJ22	75	94	80	93	85.5	0.950211158035119	69	37	46	104	64	1.10573600552868
CALGMNYNQGKLIF	TRAV6D-6	TRAJ23	CALGMNYNQGKLIF_TRAV6D-6_TRAJ23	66	63	44	51	56	0.622360524561014	78	36	33	53	50	0.863856254319281
CAIESGSFNKLTF	TRAV13N-2	TRAJ4	CAIESGSFNKLTF_TRAV13N-2_TRAJ4	30	21	21	21	23.25	0.258390753500778	14	13	3	21	12.75	0.220283344851417
CANNYAQGLTF	TRAV7-3	TRAJ26	CANNYAQGLTF_TRAV7-3_TRAJ26	29	25	6	19	19.75	0.219493220715715	13	22	2	12	12.25	0.211644782308224
CALSASSGSWQLIF	TRAV6-5	TRAJ22	CALSASSGSWQLIF_TRAV6-5_TRAJ22	40	50	36	43	42.25	0.469548788619693	92	32	62	80	66.5	1.14892881824464
CAAERGNMGYKLTF	TRAV4D-4	TRAJ9	CAAERGNMGYKLTF_TRAV4D-4_TRAJ9	58	33	10	34	33.75	0.375083351855968	14	7	24	29	18.5	0.319626814098134
CAVRAGGYKVVF	TRAV7-3	TRAJ12	CAVRAGGYKVVF_TRAV7-3_TRAJ12	29	32	19	16	24	0.266725939097577	16	19	2	23	15	0.259156876295784
CALGSYQGGRALIF	TRAV6D-7	TRAJ15	CALGSYQGGRALIF_TRAV6D-7_TRAJ15	50	39	13	35	34.25	0.380640142253834	57	16	22	49	36	0.621976503109883
CALSAGTGGYKVVF	TRAV12N-3	TRAJ12	CALSAGTGGYKVVF_TRAV12N-3_TRAJ12	41	31	21	59	38	0.422316070237831	76	16	26	42	40	0.691085003455425
CAAEVTGNTGKLIF	TRAV4D-3	TRAJ37	CAAEVTGNTGKLIF_TRAV4D-3_TRAJ37	41	24	4	14	20.75	0.230606801511447	23	33	10	32	24.5	0.423289564616448
CAASNSAGNKLTF	TRAV4D-3	TRAJ17	CAASNSAGNKLTF_TRAV4D-3_TRAJ17	33	34	5	5	19.25	0.213936430317848	27	5	2	3	9.25	0.159813407049067
CAADYA_TR*SL	TRAV4D-3	TRAJ47	CAADYA_TR*SL_TRAV4D-3_TRAJ47	27	19	33	11	22.5	0.250055567903979	30	1	1	21	13.25	0.22892190739461
CAVKRGSALGRLHF	TRAV7-3	TRAJ18	CAVKRGSALGRLHF_TRAV7-3_TRAJ18	28	34	21	8	22.75	0.252833963102912	21	4	10	11	11.5	0.198686938493435
CAVSMSNMGYKLTF	TRAV7-3	TRAJ9	CAVSMSNMGYKLTF_TRAV7-3_TRAJ9	23	15	5	11	13.5	0.150033340742387	12	5	3	7	6.75	0.116620594333103
CAVSRSNMGYKLTF	TRAV7-3	TRAJ9	CAVSRSNMGYKLTF_TRAV7-3_TRAJ9	26	25	3	9	15.75	0.175038897532785	10	3	3	6	5.5	0.0950241879751209
CAASRANTGKLTF	TRAV7-2	TRAJ27	CAASRANTGKLTF_TRAV7-2_TRAJ27	40	33	15	17	26.25	0.291731495887975	29	21	17	46	28.25	0.488078783690394
CAAAGS_VENSLW	TRAV4D-4	TRAJ44	CAAAGS_VENSLW_TRAV4D-4_TRAJ44	26	15	18	6	16.25	0.180595687930651	9	12	7	13	10.25	0.177090532135453
CAAQGGRALIF	TRAV4N-3	TRAJ15	CAAQGGRALIF_TRAV4N-3_TRAJ15	47	56	33	30	41.5	0.461213603022894	18	9	15	27	17.25	0.298030407740152
CAVSIGNMGYKLTF	TRAV7D-6	TRAJ9	CAVSIGNMGYKLTF_TRAV7D-6_TRAJ9	54	30	13	25	30.5	0.338964214269838	47	12	40	27	31.5	0.544229440221147
CAAEGNSGTYQRF	TRAV4N-3	TRAJ13	CAAEGNSGTYQRF_TRAV4N-3_TRAJ13	34	7	11	19	17.75	0.19726605912425	18	12	36	21	21.75	0.375777470628887
CAAGNSNNRIFF	TRAV4D-3	TRAJ31	CAAGNSNNRIFF_TRAV4D-3_TRAJ31	34	72	48	33	46.75	0.519559902200489	41	4	41	74	40	0.691085003455425
CAASRTGGYKVVF	TRAV14-3	TRAJ12	CAASRTGGYKVVF_TRAV14-3_TRAJ12	25	8	11	22	16.5	0.183374083129584	23	21	2	36	20.5	0.354181064270905
CAMEHMGYKLTF	TRAV13N-4	TRAJ9	CAMEHMGYKLTF_TRAV13N-4_TRAJ9	24	23	9	3	14.75	0.163925316737053	15	14	12	10	12.75	0.220283344851417
CAVRGGGRALIF	TRAV7-3	TRAJ15	CAVRGGGRALIF_TRAV7-3_TRAJ15	27	27	15	16	21.25	0.236163591909313	12	11	1	16	10	0.172771250863856
CALNSGGSNAKLTF	TRAV12-3	TRAJ42	CALNSGGSNAKLTF_TRAV12-3_TRAJ42	42	40	18	36	34	0.377861747054901	51	27	16	41	33.75	0.583102971665515
CAAANSAGNKLTF	TRAV4N-3	TRAJ17	CAAANSAGNKLTF_TRAV4N-3_TRAJ17	30	49	14	42	33.75	0.375083351855968	31	15	8	20	18.5	0.319626814098134
CAAGNSAGNKLTF	TRAV4N-3	TRAJ17	CAAGNSAGNKLTF_TRAV4N-3_TRAJ17	34	61	23	29	36.75	0.408424094243165	34	36	7	35	28	0.483759502418798
CAALSGGNYKPTF	TRAV14-1	TRAJ6	CAALSGGNYKPTF_TRAV14-1_TRAJ6	38	20	3	21	20.5	0.227828406312514	28	28	12	21	22.25	0.38441603317208
CAAALTGNTGKLIF	TRAV4D-3	TRAJ37	CAAALTGNTGKLIF_TRAV4D-3_TRAJ37	29	15	17	1	15.5	0.172260502333852	3	9	8	21	10.25	0.177090532135453
CAASEGTNAYKVIF	TRAV7-4	TRAJ30	CAASEGTNAYKVIF_TRAV7-4_TRAJ30	47	45	26	24	35.5	0.3945321182485	22	9	8	22	15.25	0.263476157567381
CAARGSALGRLHF	TRAV7-4	TRAJ18	CAARGSALGRLHF_TRAV7-4_TRAJ18	24	19	7	4	13.5	0.150033340742387	13	5	3	15	9	0.155494125777471
CAAGTGGYKVVF	TRAV5D-4	TRAJ12	CAAGTGGYKVVF_TRAV5D-4_TRAJ12	35	54	48	49	46.5	0.516781507001556	32	22	6	32	23	0.397373876986869
CAANSAGNKLTF	TRAV14-1	TRAJ17	CAANSAGNKLTF_TRAV14-1_TRAJ17	40	52	33	49	43.5	0.483440764614359	57	117	35	62	67.75	1.17052522460263
CAADNNAPRF	TRAV4D-4	TRAJ43	CAADNNAPRF_TRAV4D-4_TRAJ43	31	22	27	32	28	0.311180262280507	23	7	6	26	15.5	0.267795438838977
CALGATSSGQKLVF	TRAV6D-5	TRAJ16	CALGATSSGQKLVF_TRAV6D-5_TRAJ16	49	19	30	39	34.25	0.380640142253834	47	44	1	37	32.25	0.557187284035936
CAVTPNYNQGKLIF	TRAV7-3	TRAJ23	CAVTPNYNQGKLIF_TRAV7-3_TRAJ23	19	16	8	7	12.5	0.138919759946655	16	8	14	18	14	0.241879751209399
CAAGGSSGNKLIF	TRAV4D-3	TRAJ32	CAAGGSSGNKLIF_TRAV4D-3_TRAJ32	47	37	6	47	34.25	0.380640142253834	24	21	17	37	24.75	0.427608845888044
CAAAITGNTGKLIF	TRAV4D-3	TRAJ37	CAAAITGNTGKLIF_TRAV4D-3_TRAJ37	36	26	37	29	32	0.355634585463436	49	5	39	42	33.75	0.583102971665515
CVLGDHSNNRIFF	TRAV6-2	TRAJ31	CVLGDHSNNRIFF_TRAV6-2_TRAJ31	17	1	8	3	7.25	0.0805734607690598	13	11	8	4	9	0.155494125777471
CAADGGSNAKLTF	TRAV4D-3	TRAJ42	CAADGGSNAKLTF_TRAV4D-3_TRAJ42	30	24	32	8	23.5	0.261169148699711	14	4	8	25	12.75	0.220283344851417
CAAEAGSNNRIFF	TRAV4D-3	TRAJ31	CAAEAGSNNRIFF_TRAV4D-3_TRAJ31	46	50	52	29	44.25	0.491775950211158	32	24	8	52	29	0.501036627505183
CAASGTGGYKVVF	TRAV4N-3	TRAJ12	CAASGTGGYKVVF_TRAV4N-3_TRAJ12	31	24	33	9	24.25	0.26950433429651	30	10	15	21	19	0.328265376641327
CAVSYNAGAKLTF	TRAV3-3	TRAJ39	CAVSYNAGAKLTF_TRAV3-3_TRAJ39	25	3	22	16	16.5	0.183374083129584	31	12	1	12	14	0.241879751209399
CAPNSNNRIFF	TRAV7-3	TRAJ31	CAPNSNNRIFF_TRAV7-3_TRAJ31	26	26	36	34	30.5	0.338964214269838	18	21	13	20	18	0.310988251554941
CAASARNTGGLSGKLTF	TRAV14-1	TRAJ2	CAASARNTGGLSGKLTF_TRAV14-1_TRAJ2	29	35	6	13	20.75	0.230606801511447	26	12	2	17	14.25	0.246199032480995
CALGRYQGGRALIF	TRAV6D-7	TRAJ15	CALGRYQGGRALIF_TRAV6D-7_TRAJ15	75	34	25	34	42	0.46677039342076	26	14	9	19	17	0.293711126468556
CAASIDYNQGKLIF	TRAV7-2	TRAJ23	CAASIDYNQGKLIF_TRAV7-2_TRAJ23	30	34	28	25	29.25	0.325072238275172	20	41	6	30	24.25	0.418970283344851
CAVSISGSWQLIF	TRAV7-3	TRAJ22	CAVSISGSWQLIF_TRAV7-3_TRAJ22	20	9	4	9	10.5	0.11669259835519	1	5	7	4	4.25	0.0734277816171389
CAVRGTGGYKVVF	TRAV7D-6	TRAJ12	CAVRGTGGYKVVF_TRAV7D-6_TRAJ12	32	30	13	17	23	0.255612358301845	15	46	16	34	27.75	0.479440221147201
CAASWNSNNRIFF	TRAV7-4	TRAJ31	CAASWNSNNRIFF_TRAV7-4_TRAJ31	16	14	2	4	9	0.100022227161591	10	5	5	8	7	0.120939875604699
CAALNSNNRIFF	TRAV4D-3	TRAJ31	CAALNSNNRIFF_TRAV4D-3_TRAJ31	80	58	39	21	49.5	0.550122249388753	36	43	17	18	28.5	0.49239806496199
CAMRENYNVLYF	TRAV16N	TRAJ21	CAMRENYNVLYF_TRAV16N_TRAJ21	18	3	7	6	8.5	0.0944654367637253	2	12	1	8	5.75	0.0993434692467174
CAIRTNTGKLTF	TRAV13N-2	TRAJ27	CAIRTNTGKLTF_TRAV13N-2_TRAJ27	43	21	33	32	32.25	0.358412980662369	11	7	11	10	9.75	0.16845196959226
CAASGNTGKLTF	TRAV7-2	TRAJ27	CAASGNTGKLTF_TRAV7-2_TRAJ27	22	35	15	7	19.75	0.219493220715715	24	10	11	39	21	0.362819626814098
CALAASSGSWQLIF	TRAV6D-5	TRAJ22	CALAASSGSWQLIF_TRAV6D-5_TRAJ22	20	17	17	35	22.25	0.247277172705046	12	7	2	14	8.75	0.151174844505874
CAAPASSGSWQLIF	TRAV4D-3	TRAJ22	CAAPASSGSWQLIF_TRAV4D-3_TRAJ22	57	58	50	81	61.5	0.683485218937542	83	3	52	82	55	0.950241879751209
CAVYGSSGNKLIF	TRAV4D-3	TRAJ32	CAVYGSSGNKLIF_TRAV4D-3_TRAJ32	26	12	8	7	13.25	0.147254945543454	20	20	1	12	13.25	0.22892190739461
CALRTSGGNYKPTF	TRAV12N-3	TRAJ6	CALRTSGGNYKPTF_TRAV12N-3_TRAJ6	27	11	9	6	13.25	0.147254945543454	6	8	9	5	7	0.120939875604699
CAAVITGNTGKLIF	TRAV4D-3	TRAJ37	CAAVITGNTGKLIF_TRAV4D-3_TRAJ37	20	14	18	22	18.5	0.205601244721049	23	22	5	10	15	0.259156876295784
CAAEVAGNTGKLIF	TRAV4D-3	TRAJ37	CAAEVAGNTGKLIF_TRAV4D-3_TRAJ37	16	36	30	30	28	0.311180262280507	25	7	6	20	14.5	0.250518313752592
CALRNYNQGKLIF	TRAV12D-2	TRAJ23	CALRNYNQGKLIF_TRAV12D-2_TRAJ23	17	10	22	18	16.75	0.186152478328517	16	1	2	17	9	0.155494125777471
CAAGRGSNAKLTF	TRAV19	TRAJ42	CAAGRGSNAKLTF_TRAV19_TRAJ42	36	52	26	18	33	0.366748166259169	13	13	6	15	11.75	0.203006219765031
CAASRDYNQGKLIF	TRAV7-2	TRAJ23	CAASRDYNQGKLIF_TRAV7-2_TRAJ23	14	35	6	8	15.75	0.175038897532785	22	12	25	8	16.75	0.289391845196959
CAASATGGYKVVF	TRAV14-3	TRAJ12	CAASATGGYKVVF_TRAV14-3_TRAJ12	20	3	1	13	9.25	0.102800622360525	4	8	3	3	4.5	0.0777470628887353
CAVTGGSNAKLTF	TRAV3-3	TRAJ42	CAVTGGSNAKLTF_TRAV3-3_TRAJ42	14	8	9	14	11.25	0.125027783951989	8	4	19	5	9	0.155494125777471
CAPRTGGYKVVF	TRAV12N-3	TRAJ12	CAPRTGGYKVVF_TRAV12N-3_TRAJ12	29	23	9	16	19.25	0.213936430317848	9	4	2	11	6.5	0.112301313061507
CATENAGAKLTF	TRAV8-1	TRAJ39	CATENAGAKLTF_TRAV8-1_TRAJ39	29	29	12	7	19.25	0.213936430317848	25	15	1	15	14	0.241879751209399
CALSDQGNMGYKLTF	TRAV6N-6	TRAJ9	CALSDQGNMGYKLTF_TRAV6N-6_TRAJ9	17	15	2	7	10.25	0.113914203156257	4	4	1	7	4	0.0691085003455425
CAATITGNTGKLIF	TRAV4D-3	TRAJ37	CAATITGNTGKLIF_TRAV4D-3_TRAJ37	21	9	7	4	10.25	0.113914203156257	4	7	1	4	4	0.0691085003455425
CAANYGSSGNKLIF	TRAV4D-3	TRAJ32	CAANYGSSGNKLIF_TRAV4D-3_TRAJ32	19	16	37	19	22.75	0.252833963102912	9	10	10	28	14.25	0.246199032480995
CAVSARNNNAPRF	TRAV9D-4	TRAJ43	CAVSARNNNAPRF_TRAV9D-4_TRAJ43	26	28	14	13	20.25	0.225050011113581	9	2	8	15	8.5	0.146855563234278
CAARMSNYNVLYF	TRAV14-1	TRAJ21	CAARMSNYNVLYF_TRAV14-1_TRAJ21	16	8	13	13	12.5	0.138919759946655	18	16	1	1	9	0.155494125777471
CAARNSNNRIFF	TRAV14-3	TRAJ31	CAARNSNNRIFF_TRAV14-3_TRAJ31	18	15	12	8	13.25	0.147254945543454	5	6	2	3	4	0.0691085003455425
CAADTGKLTF	TRAV4D-3	TRAJ27	CAADTGKLTF_TRAV4D-3_TRAJ27	14	17	7	9	11.75	0.130584574349856	12	7	1	22	10.5	0.181409813407049
CALSGSGSFNKLTF	TRAV12N-3	TRAJ4	CALSGSGSFNKLTF_TRAV12N-3_TRAJ4	12	7	4	2	6.25	0.0694598799733274	4	5	3	2	3.5	0.0604699378023497
CAAEAPSGSWQLIF	TRAV4D-4	TRAJ22	CAAEAPSGSWQLIF_TRAV4D-4_TRAJ22	25	24	21	21	22.75	0.252833963102912	25	9	1	24	14.75	0.254837595024188
CAASGRTGGYKVVF	TRAV7-4	TRAJ12	CAASGRTGGYKVVF_TRAV7-4_TRAJ12	46	28	10	12	24	0.266725939097577	29	5	9	18	15.25	0.263476157567381
CAASEGGMGYKLTF	TRAV7-4	TRAJ9	CAASEGGMGYKLTF_TRAV7-4_TRAJ9	14	6	2	9	7.75	0.086130251166926	6	8	2	7	5.75	0.0993434692467174
CALSEGSNNRIFF	TRAV12-3	TRAJ31	CALSEGSNNRIFF_TRAV12-3_TRAJ31	33	28	25	38	31	0.344521004667704	40	23	10	38	27.75	0.479440221147201
CAADGTGGYKVVF	TRAV4N-3	TRAJ12	CAADGTGGYKVVF_TRAV4N-3_TRAJ12	14	21	18	8	15.25	0.169482107134919	9	13	9	24	13.75	0.237560469937802
CAANYAQGLTF	TRAV7-3	TRAJ26	CAANYAQGLTF_TRAV7-3_TRAJ26	28	42	6	20	24	0.266725939097577	20	9	22	44	23.75	0.410331720801659
CAVSPASSGSWQLIF	TRAV7-3	TRAJ22	CAVSPASSGSWQLIF_TRAV7-3_TRAJ22	17	34	9	14	18.5	0.205601244721049	14	11	8	11	11	0.190048375950242
CALRLSGSFNKLTF	TRAV12N-3	TRAJ4	CALRLSGSFNKLTF_TRAV12N-3_TRAJ4	14	11	4	4	8.25	0.0916870415647922	10	18	2	6	9	0.155494125777471
CALITGNTGKLIF	TRAV13D-1	TRAJ37	CALITGNTGKLIF_TRAV13D-1_TRAJ37	16	37	10	9	18	0.200044454323183	13	10	14	9	11.5	0.198686938493435
CALITGNTGKLIF	TRAV12-3	TRAJ37	CALITGNTGKLIF_TRAV12-3_TRAJ37	21	18	19	14	18	0.200044454323183	14	11	9	15	12.25	0.211644782308224
CALSESAGNKLTF	TRAV12N-3	TRAJ17	CALSESAGNKLTF_TRAV12N-3_TRAJ17	13	11	1	3	7	0.0777950655701267	2	6	1	3	3	0.0518313752591569
CAARTGGYKVVF	TRAV7-4	TRAJ12	CAARTGGYKVVF_TRAV7-4_TRAJ12	17	4	5	6	8	0.0889086463658591	13	18	9	8	12	0.207325501036628
CAAGSGTYQRF	TRAV4D-4	TRAJ13	CAAGSGTYQRF_TRAV4D-4_TRAJ13	10	8	2	2	5.5	0.0611246943765281	5	4	1	10	5	0.0863856254319281
CAAGNTGKLIF	TRAV4D-3	TRAJ37	CAAGNTGKLIF_TRAV4D-3_TRAJ37	17	5	4	5	7.75	0.086130251166926	4	3	29	2	9.5	0.164132688320663
CAGNYAQGLTF	TRAV4D-3	TRAJ26	CAGNYAQGLTF_TRAV4D-3_TRAJ26	10	9	6	1	6.5	0.0722382751722605	6	5	1	12	6	0.103662750518314
CALSVSSGSWQLIF	TRAV12N-3	TRAJ22	CALSVSSGSWQLIF_TRAV12N-3_TRAJ22	13	12	20	19	16	0.177817292731718	14	8	4	7	8.25	0.142536281962681
CAASEQGMGYKLTF	TRAV7-4	TRAJ9	CAASEQGMGYKLTF_TRAV7-4_TRAJ9	12	7	8	16	10.75	0.119470993554123	3	7	5	5	5	0.0863856254319281
CAASEDYNQGKLIF	TRAV7-2	TRAJ23	CAASEDYNQGKLIF_TRAV7-2_TRAJ23	13	8	6	11	9.5	0.105579017559458	6	11	1	6	6	0.103662750518314
CALTSSGSWQLIF	TRAV12N-3	TRAJ22	CALTSSGSWQLIF_TRAV12N-3_TRAJ22	22	14	10	13	14.75	0.163925316737053	10	8	3	12	8.25	0.142536281962681
CAAEGNSNNRIFF	TRAV4D-3	TRAJ31	CAAEGNSNNRIFF_TRAV4D-3_TRAJ31	9	7	11	9	9	0.100022227161591	11	5	1	11	7	0.120939875604699
CAMRGSALGRLHF	TRAV6-3	TRAJ18	CAMRGSALGRLHF_TRAV6-3_TRAJ18	9	2	5	1	4.25	0.0472327183818626	1	28	4	4	9.25	0.159813407049067
CALTGANTGKLTF	TRAV17	TRAJ52	CALTGANTGKLTF_TRAV17_TRAJ52	18	19	7	4	12	0.133362969548789	7	3	12	9	7.75	0.133897719419489
CAVRESNYNVLYF	TRAV3D-3	TRAJ21	CAVRESNYNVLYF_TRAV3D-3_TRAJ21	19	25	18	11	18.25	0.202822849522116	28	15	21	16	20	0.345542501727713
CAAASNNRIFF	TRAV4D-3	TRAJ31	CAAASNNRIFF_TRAV4D-3_TRAJ31	9	17	6	5	9.25	0.102800622360525	4	11	1	6	5.5	0.0950241879751209
CALSPNTGGLSGKLTF	TRAV12N-3	TRAJ2	CALSPNTGGLSGKLTF_TRAV12N-3_TRAJ2	13	13	6	15	11.75	0.130584574349856	11	6	5	7	7.25	0.125259156876296
CALGASNSGTYQRF	TRAV6D-6	TRAJ13	CALGASNSGTYQRF_TRAV6D-6_TRAJ13	13	10	28	8	14.75	0.163925316737053	8	16	3	12	9.75	0.16845196959226
CAAMLSGSFNKLTF	TRAV4N-3	TRAJ4	CAAMLSGSFNKLTF_TRAV4N-3_TRAJ4	18	9	7	2	9	0.100022227161591	16	21	17	10	16	0.27643400138217
CAVSMGTGGYKVVF	TRAV7-1	TRAJ12	CAVSMGTGGYKVVF_TRAV7-1_TRAJ12	8	2	10	8	7	0.0777950655701267	18	11	2	8	9.75	0.16845196959226
CALTMSNYNVLYF	TRAV12N-3	TRAJ21	CALTMSNYNVLYF_TRAV12N-3_TRAJ21	22	11	17	11	15.25	0.169482107134919	5	8	2	7	5.5	0.0950241879751209
CAAGQGGSAKLIF	TRAV4D-4	TRAJ57	CAAGQGGSAKLIF_TRAV4D-4_TRAJ57	13	12	10	10	11.25	0.125027783951989	6	8	1	12	6.75	0.116620594333103
CAATNSAGNKLTF	TRAV4D-4	TRAJ17	CAATNSAGNKLTF_TRAV4D-4_TRAJ17	13	16	10	7	11.5	0.127806179150922	4	33	4	15	14	0.241879751209399
CALDNNRIFF	TRAV12D-2	TRAJ31	CALDNNRIFF_TRAV12D-2_TRAJ31	8	16	3	5	8	0.0889086463658591	6	5	1	10	5.5	0.0950241879751209
CAGGNNRIFF	TRAV7-2	TRAJ31	CAGGNNRIFF_TRAV7-2_TRAJ31	16	20	14	7	14.25	0.158368526339186	2	10	17	6	8.75	0.151174844505874
CALSATGTGGYKVVF	TRAV12N-3	TRAJ12	CALSATGTGGYKVVF_TRAV12N-3_TRAJ12	17	15	2	3	9.25	0.102800622360525	14	11	1	7	8.25	0.142536281962681
CALRGTGGLSGKLTF	TRAV12N-3	TRAJ2	CALRGTGGLSGKLTF_TRAV12N-3_TRAJ2	28	9	12	5	13.5	0.150033340742387	3	16	4	3	6.5	0.112301313061507
CAMRVMNYNQGKLIF	TRAV6-3	TRAJ23	CAMRVMNYNQGKLIF_TRAV6-3_TRAJ23	33	32	6	18	22.25	0.247277172705046	14	3	23	28	17	0.293711126468556
CVLGLTGNTGKLIF	TRAV6-2	TRAJ37	CVLGLTGNTGKLIF_TRAV6-2_TRAJ37	14	5	3	3	6.25	0.0694598799733274	3	11	1	7	5.5	0.0950241879751209
CALRAGTGGYKVVF	TRAV12D-2	TRAJ12	CALRAGTGGYKVVF_TRAV12D-2_TRAJ12	7	13	10	13	10.75	0.119470993554123	5	1	4	6	4	0.0691085003455425
CALRRTQVVGQLTF	TRAV12N-3	TRAJ5	CALRRTQVVGQLTF_TRAV12N-3_TRAJ5	17	17	2	25	15.25	0.169482107134919	20	5	8	10	10.75	0.185729094678645
CAASEHNYAQGLTF	TRAV7-4	TRAJ26	CAASEHNYAQGLTF_TRAV7-4_TRAJ26	9	11	2	4	6.5	0.0722382751722605	4	4	10	7	6.25	0.10798203178991
CAASAKTGGYKVVF	TRAV14-1	TRAJ12	CAASAKTGGYKVVF_TRAV14-1_TRAJ12	10	19	13	17	14.75	0.163925316737053	18	19	21	12	17.5	0.302349689011748
CAASGNNAGAKLTF	TRAV14D-3/DV8	TRAJ39	CAASGNNAGAKLTF_TRAV14D-3/DV8_TRAJ39	18	9	3	11	10.25	0.113914203156257	8	6	1	20	8.75	0.151174844505874
CALTNTNTGKLTF	TRAV12N-3	TRAJ27	CALTNTNTGKLTF_TRAV12N-3_TRAJ27	11	8	9	3	7.75	0.086130251166926	4	5	3	4	4	0.0691085003455425
CAAVMDSNYQLIW	TRAV4D-3	TRAJ33	CAAVMDSNYQLIW_TRAV4D-3_TRAJ33	17	18	7	12	13.5	0.150033340742387	5	12	4	8	7.25	0.125259156876296
CAAEGPGYQNFYF	TRAV4D-3	TRAJ49	CAAEGPGYQNFYF_TRAV4D-3_TRAJ49	8	19	19	22	17	0.188930873527451	8	7	1	15	7.75	0.133897719419489
CALLSNYNVLYF	TRAV12N-3	TRAJ21	CALLSNYNVLYF_TRAV12N-3_TRAJ21	11	3	2	3	4.75	0.0527895087797288	1	2	6	3	3	0.0518313752591569
CAVKSAGNKLTF	TRAV4-2	TRAJ17	CAVKSAGNKLTF_TRAV4-2_TRAJ17	14	3	5	2	6	0.0666814847743943	1	4	1	7	3.25	0.0561506565307533
CAASSNTGKLTF	TRAV7-2	TRAJ27	CAASSNTGKLTF_TRAV7-2_TRAJ27	8	14	2	5	7.25	0.0805734607690598	13	12	9	23	14.25	0.246199032480995
CAHNYAQGLTF	TRAV7-3	TRAJ26	CAHNYAQGLTF_TRAV7-3_TRAJ26	11	23	2	11	11.75	0.130584574349856	3	7	8	6	6	0.103662750518314
CALSDRGSGYNKLTF	TRAV12N-3	TRAJ11	CALSDRGSGYNKLTF_TRAV12N-3_TRAJ11	13	9	11	6	9.75	0.108357412758391	10	5	3	8	6.5	0.112301313061507
CALGSSSGSWQLIF	TRAV6D-5	TRAJ22	CALGSSSGSWQLIF_TRAV6D-5_TRAJ22	16	16	15	27	18.5	0.205601244721049	17	5	8	13	10.75	0.185729094678645
CALTLSSGSWQLIF	TRAV6-5	TRAJ22	CALTLSSGSWQLIF_TRAV6-5_TRAJ22	10	13	8	16	11.75	0.130584574349856	31	6	12	19	17	0.293711126468556
CATALSGSFNKLTF	TRAV8D-2	TRAJ4	CATALSGSFNKLTF_TRAV8D-2_TRAJ4	17	8	21	22	17	0.188930873527451	19	21	5	21	16.5	0.285072563925363
CALTGYNQGKLIF	TRAV12D-2	TRAJ23	CALTGYNQGKLIF_TRAV12D-2_TRAJ23	19	1	9	12	10.25	0.113914203156257	8	14	3	11	9	0.155494125777471
CALASSGSWQLIF	TRAV12N-3	TRAJ22	CALASSGSWQLIF_TRAV12N-3_TRAJ22	10	6	2	6	6	0.0666814847743943	1	10	1	8	5	0.0863856254319281
CALSVSGSWQLIF	TRAV12N-3	TRAJ22	CALSVSGSWQLIF_TRAV12N-3_TRAJ22	12	11	5	8	9	0.100022227161591	5	1	2	3	2.75	0.0475120939875605
CALSEGSGTYQRF	TRAV12N-3	TRAJ13	CALSEGSGTYQRF_TRAV12N-3_TRAJ13	11	2	1	2	4	0.0444543231829295	4	4	16	3	6.75	0.116620594333103
CAASYQGGRALIF	TRAV7-2	TRAJ15	CAASYQGGRALIF_TRAV7-2_TRAJ15	13	22	12	7	13.5	0.150033340742387	21	20	3	14	14.5	0.250518313752592
CAARRQGGRALIF	TRAV7-2	TRAJ15	CAARRQGGRALIF_TRAV7-2_TRAJ15	18	11	3	4	9	0.100022227161591	9	4	1	10	6	0.103662750518314
CAARRTGGYKVVF	TRAV14-1	TRAJ12	CAARRTGGYKVVF_TRAV14-1_TRAJ12	13	14	4	4	8.75	0.0972438319626584	5	17	7	5	8.5	0.146855563234278
CAVRNYNQGKLIF	TRAV3D-3	TRAJ23	CAVRNYNQGKLIF_TRAV3D-3_TRAJ23	6	3	9	9	6.75	0.0750166703711936	9	6	1	12	7	0.120939875604699
CALRSGGYKVVF	TRAV12N-3	TRAJ12	CALRSGGYKVVF_TRAV12N-3_TRAJ12	11	8	10	2	7.75	0.086130251166926	1	3	1	2	1.75	0.0302349689011748
CAAPNSNNRIFF	TRAV4D-3	TRAJ31	CAAPNSNNRIFF_TRAV4D-3_TRAJ31	15	10	10	41	19	0.211158035118915	8	3	1	22	8.5	0.146855563234278
CAVGTGGYKVVF	TRAV7D-6	TRAJ12	CAVGTGGYKVVF_TRAV7D-6_TRAJ12	13	12	7	2	8.5	0.0944654367637253	7	17	2	8	8.5	0.146855563234278
CAAVQGGRALIF	TRAV14-1	TRAJ15	CAAVQGGRALIF_TRAV14-1_TRAJ15	13	14	3	18	12	0.133362969548789	25	5	11	20	15.25	0.263476157567381
CAANSNNRIFF	TRAV4D-4	TRAJ31	CAANSNNRIFF_TRAV4D-4_TRAJ31	16	16	19	2	13.25	0.147254945543454	42	11	7	12	18	0.310988251554941
CAMREGTGNTGKLIF	TRAV16N	TRAJ37	CAMREGTGNTGKLIF_TRAV16N_TRAJ37	5	24	18	19	16.5	0.183374083129584	9	13	6	16	11	0.190048375950242
CALTGTQVVGQLTF	TRAV12N-3	TRAJ5	CALTGTQVVGQLTF_TRAV12N-3_TRAJ5	10	12	4	6	8	0.0889086463658591	8	3	2	4	4.25	0.0734277816171389
CALSGANSGTYQRF	TRAV12N-3	TRAJ13	CALSGANSGTYQRF_TRAV12N-3_TRAJ13	9	7	9	13	9.5	0.105579017559458	12	6	1	17	9	0.155494125777471
CALKTSGGNYKPTF	TRAV12N-3	TRAJ6	CALKTSGGNYKPTF_TRAV12N-3_TRAJ6	10	12	5	7	8.5	0.0944654367637253	13	6	3	1	5.75	0.0993434692467174
CAVSEGNMGYKLTF	TRAV3D-3	TRAJ9	CAVSEGNMGYKLTF_TRAV3D-3_TRAJ9	5	5	6	3	4.75	0.0527895087797288	3	7	15	12	9.25	0.159813407049067
CAAERNSNNRIFF	TRAV4D-3	TRAJ31	CAAERNSNNRIFF_TRAV4D-3_TRAJ31	5	4	25	26	15	0.166703711935986	10	10	8	15	10.75	0.185729094678645
CAVRGTNAYKVIF	TRAV7-3	TRAJ30	CAVRGTNAYKVIF_TRAV7-3_TRAJ30	19	5	9	5	9.5	0.105579017559458	2	3	8	10	5.75	0.0993434692467174
CAASGSAGNKLTF	TRAV7-2	TRAJ17	CAASGSAGNKLTF_TRAV7-2_TRAJ17	11	14	17	18	15	0.166703711935986	7	13	11	8	9.75	0.16845196959226
CAASRGNQGKLIF	TRAV7-2	TRAJ23	CAASRGNQGKLIF_TRAV7-2_TRAJ23	6	15	13	6	10	0.111135807957324	10	4	1	7	5.5	0.0950241879751209
CVVGDRGSALGRLHF	TRAV11	TRAJ18	CVVGDRGSALGRLHF_TRAV11_TRAJ18	5	4	4	13	6.5	0.0722382751722605	11	10	1	1	5.75	0.0993434692467174
CALRSGTGGYKVVF	TRAV12D-2	TRAJ12	CALRSGTGGYKVVF_TRAV12D-2_TRAJ12	8	11	20	29	17	0.188930873527451	19	11	1	18	12.25	0.211644782308224
CALRTGTGGYKVVF	TRAV12D-2	TRAJ12	CALRTGTGGYKVVF_TRAV12D-2_TRAJ12	6	7	16	4	8.25	0.0916870415647922	7	1	1	6	3.75	0.0647892190739461
CALMLSGSFNKLTF	TRAV12N-3	TRAJ4	CALMLSGSFNKLTF_TRAV12N-3_TRAJ4	7	6	10	4	6.75	0.0750166703711936	4	4	4	6	4.5	0.0777470628887353
CALSSGTGGYKVVF	TRAV12N-3	TRAJ12	CALSSGTGGYKVVF_TRAV12N-3_TRAJ12	11	7	5	2	6.25	0.0694598799733274	20	10	33	23	21.5	0.371458189357291
CALRGTQVVGQLTF	TRAV12N-3	TRAJ5	CALRGTQVVGQLTF_TRAV12N-3_TRAJ5	7	9	3	8	6.75	0.0750166703711936	12	5	2	2	5.25	0.0907049067035245
CAAAYGSSGNKLIF	TRAV4D-3	TRAJ32	CAAAYGSSGNKLIF_TRAV4D-3_TRAJ32	14	30	17	9	17.5	0.194487663925317	19	10	2	8	9.75	0.16845196959226
CAASAWTGGYKVVF	TRAV14-1	TRAJ12	CAASAWTGGYKVVF_TRAV14-1_TRAJ12	4	3	11	14	8	0.0889086463658591	3	21	16	9	12.25	0.211644782308224
CALNTGS_VENSLW	TRAV12-3	TRAJ44	CALNTGS_VENSLW_TRAV12-3_TRAJ44	7	3	6	3	4.75	0.0527895087797288	9	3	4	4	5	0.0863856254319281
CALRGGNTGKLIF	TRAV12-3	TRAJ37	CALRGGNTGKLIF_TRAV12-3_TRAJ37	8	13	14	23	14.5	0.16114692153812	20	12	1	15	12	0.207325501036628
CAATSSGSWQLIF	TRAV4D-3	TRAJ22	CAATSSGSWQLIF_TRAV4D-3_TRAJ22	4	9	11	10	8.5	0.0944654367637253	16	3	6	9	8.5	0.146855563234278
CAASGGSNAKLTF	TRAV7-2	TRAJ42	CAASGGSNAKLTF_TRAV7-2_TRAJ42	7	23	8	5	10.75	0.119470993554123	4	5	7	23	9.75	0.16845196959226
CALSRY_QQQTYF	TRAV12N-3	TRAJ7	CALSRY_QQQTYF_TRAV12N-3_TRAJ7	5	4	4	2	3.75	0.0416759279839964	6	3	3	10	5.5	0.0950241879751209
CAASPY_QQQTYF	TRAV14-3	TRAJ7	CAASPY_QQQTYF_TRAV14-3_TRAJ7	7	15	1	1	6	0.0666814847743943	5	8	11	3	6.75	0.116620594333103
CALSSNYNVLYF	TRAV12N-3	TRAJ21	CALSSNYNVLYF_TRAV12N-3_TRAJ21	17	8	1	3	7.25	0.0805734607690598	4	1	9	4	4.5	0.0777470628887353
CAANTNTGKLTF	TRAV4D-4	TRAJ27	CAANTNTGKLTF_TRAV4D-4_TRAJ27	7	10	11	3	7.75	0.086130251166926	4	4	26	6	10	0.172771250863856
CAEDTNAYKVIF	TRAV7-6	TRAJ30	CAEDTNAYKVIF_TRAV7-6_TRAJ30	8	3	12	16	9.75	0.108357412758391	22	8	10	2	10.5	0.181409813407049
CAVSYAQGLTF	TRAV3-1	TRAJ26	CAVSYAQGLTF_TRAV3-1_TRAJ26	4	1	8	13	6.5	0.0722382751722605	5	4	8	1	4.5	0.0777470628887353
CALPTTASLGKLQF	TRAV12N-3	TRAJ24	CALPTTASLGKLQF_TRAV12N-3_TRAJ24	6	3	5	2	4	0.0444543231829295	1	2	6	4	3.25	0.0561506565307533
CALAMNYNQGKLIF	TRAV6D-6	TRAJ23	CALAMNYNQGKLIF_TRAV6D-6_TRAJ23	7	21	3	7	9.5	0.105579017559458	4	11	9	6	7.5	0.129578438147892
CALRANYGNEKITF	TRAV6D-7	TRAJ48	CALRANYGNEKITF_TRAV6D-7_TRAJ48	6	10	3	7	6.5	0.0722382751722605	1	5	1	4	2.75	0.0475120939875605
CAMRESQGGRALIF	TRAV16N	TRAJ15	CAMRESQGGRALIF_TRAV16N_TRAJ15	3	11	3	4	5.25	0.058346299177595	5	3	9	4	5.25	0.0907049067035245
CAASGRSNYNVLYF	TRAV7-4	TRAJ21	CAASGRSNYNVLYF_TRAV7-4_TRAJ21	8	3	2	1	3.5	0.0388975327850633	12	3	4	2	5.25	0.0907049067035245
CAASGTSNTNKVVF	TRAV7-4	TRAJ34	CAASGTSNTNKVVF_TRAV7-4_TRAJ34	4	2	4	5	3.75	0.0416759279839964	5	1	1	2	2.25	0.0388735314443677
CAAGITGNTGKLIF	TRAV14D-1	TRAJ37	CAAGITGNTGKLIF_TRAV14D-1_TRAJ37	4	5	4	2	3.75	0.0416759279839964	21	13	1	19	13.5	0.233241188666206
CAASPQGTGSKLSF	TRAV14D-1	TRAJ58	CAASPQGTGSKLSF_TRAV14D-1_TRAJ58	6	4	6	1	4.25	0.0472327183818626	2	6	1	5	3.5	0.0604699378023497
CAAEGDY_QTR*SL	TRAV4D-3	TRAJ47	CAAEGDY_QTR*SL_TRAV4D-3_TRAJ47	3	13	3	4	5.75	0.0639030895754612	5	6	1	12	6	0.103662750518314
CAAPMDY_QTR*SL	TRAV4D-3	TRAJ47	CAAPMDY_QTR*SL_TRAV4D-3_TRAJ47	3	5	18	4	7.5	0.0833518559679929	4	6	1	3	3.5	0.0604699378023497
CALLNTNTGKLTF	TRAV12-3	TRAJ27	CALLNTNTGKLTF_TRAV12-3_TRAJ27	4	10	3	5	5.5	0.0611246943765281	2	2	1	5	2.5	0.0431928127159641
CALSGNMGYKLTF	TRAV6-5	TRAJ9	CALSGNMGYKLTF_TRAV6-5_TRAJ9	3	12	16	7	9.5	0.105579017559458	7	17	3	22	12.25	0.211644782308224
CALSETNTNKVVF	TRAV12N-3	TRAJ34	CALSETNTNKVVF_TRAV12N-3_TRAJ34	3	7	2	1	3.25	0.0361191375861303	1	1	4	1	1.75	0.0302349689011748
CALRVSNTNKVVF	TRAV12N-3	TRAJ34	CALRVSNTNKVVF_TRAV12N-3_TRAJ34	4	9	1	1	3.75	0.0416759279839964	4	1	2	1	2	0.0345542501727713
CAAARNSNNRIFF	TRAV10	TRAJ31	CAAARNSNNRIFF_TRAV10_TRAJ31	3	3	15	11	8	0.0889086463658591	18	2	16	10	11.5	0.198686938493435
CAASSNSGTYQRF	TRAV14-3	TRAJ13	CAASSNSGTYQRF_TRAV14-3_TRAJ13	3	1	9	3	4	0.0444543231829295	13	22	20	19	18.5	0.319626814098134
CAASRQGGRALIF	TRAV7-2	TRAJ15	CAASRQGGRALIF_TRAV7-2_TRAJ15	10	16	22	15	15.75	0.175038897532785	13	19	2	18	13	0.224602626123013
CAARPGSFNKLTF	TRAV14-1	TRAJ4	CAARPGSFNKLTF_TRAV14-1_TRAJ4	6	15	9	5	8.75	0.0972438319626584	10	5	17	6	9.5	0.164132688320663
CATGYNQGKLIF	TRAV8-1	TRAJ23	CATGYNQGKLIF_TRAV8-1_TRAJ23	4	14	1	7	6.5	0.0722382751722605	7	12	1	10	7.5	0.129578438147892
CAADYAQGLTF	TRAV4D-3	TRAJ26	CAADYAQGLTF_TRAV4D-3_TRAJ26	3	29	17	13	15.5	0.172260502333852	28	14	1	27	17.5	0.302349689011748
CAAPNAPRF	TRAV4D-4	TRAJ43	CAAPNAPRF_TRAV4D-4_TRAJ43	4	9	4	1	4.5	0.0500111135807957	6	4	1	7	4.5	0.0777470628887353
CALSASNSGTYQRF	TRAV12N-3	TRAJ13	CALSASNSGTYQRF_TRAV12N-3_TRAJ13	2	5	9	9	6.25	0.0694598799733274	10	7	1	3	5.25	0.0907049067035245
CALKGGNTGKLIF	TRAV12-3	TRAJ37	CALKGGNTGKLIF_TRAV12-3_TRAJ37	3	4	4	1	3	0.0333407423871972	3	4	1	4	3	0.0518313752591569
CAARSNNNNAPRF	TRAV5D-4	TRAJ43	CAARSNNNNAPRF_TRAV5D-4_TRAJ43	2	2	2	2	2	0.0222271615914648	8	2	1	2	3.25	0.0561506565307533
CAVNTNTGKLTF	TRAV4D-4	TRAJ27	CAVNTNTGKLTF_TRAV4D-4_TRAJ27	2	5	7	1	3.75	0.0416759279839964	1	3	8	6	4.5	0.0777470628887353
CAAVMATGGNNKLTF	TRAV4D-3	TRAJ56	CAAVMATGGNNKLTF_TRAV4D-3_TRAJ56	1	13	3	1	4.5	0.0500111135807957	2	4	1	5	3	0.0518313752591569
CALSRSSGSWQLIF	TRAV12N-3	TRAJ22	CALSRSSGSWQLIF_TRAV12N-3_TRAJ22	2	5	7	4	4.5	0.0500111135807957	1	3	2	3	2.25	0.0388735314443677
CALSRASGSWQLIF	TRAV12N-3	TRAJ22	CALSRASGSWQLIF_TRAV12N-3_TRAJ22	1	2	1	1	1.25	0.0138919759946655	1	6	2	1	2.5	0.0431928127159641
CALRGGTGGYKVVF	TRAV12N-3	TRAJ12	CALRGGTGGYKVVF_TRAV12N-3_TRAJ12	1	4	2	1	2	0.0222271615914648	4	4	6	5	4.75	0.0820663441603317
CAAPGGSSGNKLIF	TRAV4D-3	TRAJ32	CAAPGGSSGNKLIF_TRAV4D-3_TRAJ32	1	3	5	5	3.5	0.0388975327850633	5	7	4	2	4.5	0.0777470628887353
CAAGDNNAGAKLTF	TRAV4D-3	TRAJ39	CAAGDNNAGAKLTF_TRAV4D-3_TRAJ39	1	9	21	14	11.25	0.125027783951989	10	5	8	6	7.25	0.125259156876296
CAASLSSNTNKVVF	TRAV7-4	TRAJ34	CAASLSSNTNKVVF_TRAV7-4_TRAJ34	1	2	2	2	1.75	0.0194487663925317	1	2	1	1	1.25	0.021596406357982
CAASMNSGSWQLIF	TRAV7-2	TRAJ22	CAASMNSGSWQLIF_TRAV7-2_TRAJ22	1	3	4	2	2.5	0.027783951989331	4	7	1	5	4.25	0.0734277816171389
CALSVSNTNKVVF	TRAV12N-3	TRAJ34	CALSVSNTNKVVF_TRAV12N-3_TRAJ34	1	2	3	4	2.5	0.027783951989331	5	1	1	7	3.5	0.0604699378023497
CALSTSNTNKVVF	TRAV12N-3	TRAJ34	CALSTSNTNKVVF_TRAV12N-3_TRAJ34	1	1	1	1	1	0.0111135807957324	1	3	1	1	1.5	0.0259156876295784
CALEMSNYNVLYF	TRAV17	TRAJ21	CALEMSNYNVLYF_TRAV17_TRAJ21	1	2	8	2	3.25	0.0361191375861303	1	2	4	2	2.25	0.0388735314443677
CAVRRQGGRALIF	TRAV3-1	TRAJ15	CAVRRQGGRALIF_TRAV3-1_TRAJ15	1	7	3	1	3	0.0333407423871972	6	1	12	8	6.75	0.116620594333103
CALTGGYKVVF	TRAV6D-6	TRAJ12	CALTGGYKVVF_TRAV6D-6_TRAJ12	1	6	8	1	4	0.0444543231829295	7	6	1	14	7	0.120939875604699
