cdr3aa	v	j	V_CDR3_J	WT_1	WT_2	WT_4	WT_8	mean_count_WT	Percentages_WT	IL2_3_KO	IL2_5_KO	IL2_6_KO	IL2_7_KO	mean_count_IL2KO	Percentages_IL2KO
CAMREGGTGGYKVVF	TRAV16	TRAJ12	CAMREGGTGGYKVVF_TRAV16_TRAJ12	429	337	60	80	226.5	2.51722605023339	171	300	87	82	160	3.00413067968457
CAAEITGNTGKLIF	TRAV4D-3	TRAJ37	CAAEITGNTGKLIF_TRAV4D-3_TRAJ37	267	221	281	168	234.25	2.60335630140031	28	36	61	43	42	0.788584303417199
CAASNTNKVVF	TRAV4D-3	TRAJ34	CAASNTNKVVF_TRAV4D-3_TRAJ34	153	95	65	65	94.5	1.05023338519671	36	45	71	43	48.75	0.915321066466391
CAASRNSNNRIFF	TRAV10	TRAJ31	CAASRNSNNRIFF_TRAV10_TRAJ31	284	410	385	317	349	3.8786396977106	499	306	251	164	305	5.7266241081487
CALRTGNTGKLIF	TRAV12-3	TRAJ37	CALRTGNTGKLIF_TRAV12-3_TRAJ37	131	94	136	97	114.5	1.27250500111136	47	65	34	22	42	0.788584303417199
CAAPNSAGNKLTF	TRAV4D-4	TRAJ17	CAAPNSAGNKLTF_TRAV4D-4_TRAJ17	224	192	122	140	169.5	1.88375194487664	76	235	127	58	124	2.32820127675554
CAAEAGNMGYKLTF	TRAV4D-4	TRAJ9	CAAEAGNMGYKLTF_TRAV4D-4_TRAJ9	180	68	70	101	104.75	1.16414758835297	15	25	32	20	23	0.431843785204656
CAADSGYNKLTF	TRAV4D-4	TRAJ11	CAADSGYNKLTF_TRAV4D-4_TRAJ11	94	67	46	48	63.75	0.70849077572794	19	38	32	12	25.25	0.474089372887721
CAVRRGSALGRLHF	TRAV7-3	TRAJ18	CAVRRGSALGRLHF_TRAV7-3_TRAJ18	104	94	44	78	80	0.889086463658591	51	68	75	34	57	1.07022155463763
CALRTGGYKVVF	TRAV12N-3	TRAJ12	CALRTGGYKVVF_TRAV12N-3_TRAJ12	126	104	55	102	96.75	1.07523894198711	68	50	33	29	45	0.844911753661284
CAVSTSNMGYKLTF	TRAV7-3	TRAJ9	CAVSTSNMGYKLTF_TRAV7-3_TRAJ9	92	62	61	56	67.75	0.752945098910869	40	118	42	29	57.25	1.07491550882463
CAAELTGNTGKLIF	TRAV4D-3	TRAJ37	CAAELTGNTGKLIF_TRAV4D-3_TRAJ37	90	76	81	39	71.5	0.794621026894866	9	23	23	10	16.25	0.305107022155464
CAVSPSNMGYKLTF	TRAV7-3	TRAJ9	CAVSPSNMGYKLTF_TRAV7-3_TRAJ9	109	91	19	49	67	0.74460991331407	44	86	66	22	54.5	1.02328201276756
CAASNMGYKLTF	TRAV4N-3	TRAJ9	CAASNMGYKLTF_TRAV4N-3_TRAJ9	72	76	43	31	55.5	0.616803734163147	47	76	56	25	51	0.957566654149456
CAVSESNYNVLYF	TRAV3D-3	TRAJ21	CAVSESNYNVLYF_TRAV3D-3_TRAJ21	75	67	95	88	81.25	0.902978439653256	35	96	40	12	45.75	0.858993616222306
CAMRVYQGGRALIF	TRAV16N	TRAJ15	CAMRVYQGGRALIF_TRAV16N_TRAJ15	90	109	19	34	63	0.70015559013114	47	117	120	39	80.75	1.5161472024033
CAADNAGAKLTF	TRAV4D-3	TRAJ39	CAADNAGAKLTF_TRAV4D-3_TRAJ39	85	52	40	46	55.75	0.61958212936208	15	32	41	19	26.75	0.502253098009763
CAVRTGGYKVVF	TRAV7D-6	TRAJ12	CAVRTGGYKVVF_TRAV7D-6_TRAJ12	88	111	33	6	59.5	0.661258057346077	41	109	135	56	85.25	1.60063837776943
CAASNSAGNKLTF	TRAV4N-3	TRAJ17	CAASNSAGNKLTF_TRAV4N-3_TRAJ17	57	36	28	37	39.5	0.438986441431429	24	18	33	6	20.25	0.380210289147578
CAAEGTGGYKVVF	TRAV4N-3	TRAJ12	CAAEGTGGYKVVF_TRAV4N-3_TRAJ12	62	18	38	50	42	0.46677039342076	7	64	46	20	34.25	0.643071723619977
CAATSSGQKLVF	TRAV4N-3	TRAJ16	CAATSSGQKLVF_TRAV4N-3_TRAJ16	48	47	2	43	35	0.388975327850633	9	46	27	4	21.5	0.403680060082614
CAASIQGGRALIF	TRAV7-2	TRAJ15	CAASIQGGRALIF_TRAV7-2_TRAJ15	58	49	35	38	45	0.500111135807957	16	37	50	42	36.25	0.680623357116035
CAVSMDYNQGKLIF	TRAV7N-5	TRAJ23	CAVSMDYNQGKLIF_TRAV7N-5_TRAJ23	44	46	44	51	46.25	0.514003111802623	43	42	36	43	41	0.76980848666917
CAVNYAQGLTF	TRAV7-3	TRAJ26	CAVNYAQGLTF_TRAV7-3_TRAJ26	80	95	17	58	62.5	0.694598799733274	59	40	42	27	42	0.788584303417199
CAAEARQGGRALIF	TRAV4D-4	TRAJ15	CAAEARQGGRALIF_TRAV4D-4_TRAJ15	142	187	119	107	138.75	1.54200933540787	104	89	105	49	86.75	1.62880210289148
CALNTNTGKLTF	TRAV12N-3	TRAJ27	CALNTNTGKLTF_TRAV12N-3_TRAJ27	65	56	15	41	44.25	0.491775950211158	30	4	9	17	15	0.281637251220428
CAAPDSNYQLIW	TRAV4D-3	TRAJ33	CAAPDSNYQLIW_TRAV4D-3_TRAJ33	93	105	54	58	77.5	0.86130251166926	33	31	43	9	29	0.544498685692828
CAAYNTNTGKLTF	TRAV14-2	TRAJ27	CAAYNTNTGKLTF_TRAV14-2_TRAJ27	55	66	69	92	70.5	0.783507446099133	77	47	53	27	51	0.957566654149456
CAASHMGYKLTF	TRAV7-2	TRAJ9	CAASHMGYKLTF_TRAV7-2_TRAJ9	41	20	4	7	18	0.200044454323183	1	10	20	16	11.75	0.220615846789335
CAASMDYNQGKLIF	TRAV7-2	TRAJ23	CAASMDYNQGKLIF_TRAV7-2_TRAJ23	38	49	26	29	35.5	0.3945321182485	2	35	31	23	22.75	0.427149831017649
CAASPNSNNRIFF	TRAV7-2	TRAJ31	CAASPNSNNRIFF_TRAV7-2_TRAJ31	79	125	101	127	108	1.2002667259391	143	134	124	87	122	2.29064964325948
CAVRVMSNYNVLYF	TRAV1	TRAJ21	CAVRVMSNYNVLYF_TRAV1_TRAJ21	45	70	22	11	37	0.411202489442098	26	70	70	28	48.5	0.910627112279384
CAVRRNSNNRIFF	TRAV7-3	TRAJ31	CAVRRNSNNRIFF_TRAV7-3_TRAJ31	83	61	47	32	55.75	0.61958212936208	57	68	49	39	53.25	0.99981224183252
CAAPNYGNEKITF	TRAV4D-4	TRAJ48	CAAPNYGNEKITF_TRAV4D-4_TRAJ48	55	57	6	47	41.25	0.458435207823961	78	46	23	12	39.75	0.746338715734134
CAASTQGGRALIF	TRAV7-2	TRAJ15	CAASTQGGRALIF_TRAV7-2_TRAJ15	38	15	17	16	21.5	0.238941987108246	14	15	34	18	20.25	0.380210289147578
CALGASNTNKVVF	TRAV6D-6	TRAJ34	CALGASNTNKVVF_TRAV6D-6_TRAJ34	61	57	75	49	60.5	0.672371638141809	42	51	52	23	42	0.788584303417199
CAAYGSSGNKLIF	TRAV4D-3	TRAJ32	CAAYGSSGNKLIF_TRAV4D-3_TRAJ32	58	53	48	54	53.25	0.59179817737275	44	36	45	23	37	0.694705219677056
CAAHGSSGNKLIF	TRAV4D-3	TRAJ32	CAAHGSSGNKLIF_TRAV4D-3_TRAJ32	45	39	8	11	25.75	0.286174705490109	5	19	11	11	11.5	0.215921892602328
CAAHQGGRALIF	TRAV4N-3	TRAJ15	CAAHQGGRALIF_TRAV4N-3_TRAJ15	55	25	27	60	41.75	0.463991998221827	27	28	39	19	28.25	0.530416823131806
CAASPNTGKLTF	TRAV7-2	TRAJ27	CAASPNTGKLTF_TRAV7-2_TRAJ27	32	27	19	26	26	0.288953100689042	22	25	34	32	28.25	0.530416823131806
CAAGSSNTNKVVF	TRAV4D-3	TRAJ34	CAAGSSNTNKVVF_TRAV4D-3_TRAJ34	61	54	39	25	44.75	0.497332740609024	17	18	17	9	15.25	0.286331205407435
CAASTNTGKLTF	TRAV7-2	TRAJ27	CAASTNTGKLTF_TRAV7-2_TRAJ27	31	36	16	41	31	0.344521004667704	27	27	38	19	27.75	0.521028914757792
CAAPYGSSGNKLIF	TRAV4D-3	TRAJ32	CAAPYGSSGNKLIF_TRAV4D-3_TRAJ32	66	29	37	26	39.5	0.438986441431429	12	32	23	13	20	0.375516334960571
CALRAGGYKVVF	TRAV12N-3	TRAJ12	CALRAGGYKVVF_TRAV12N-3_TRAJ12	45	46	17	24	33	0.366748166259169	24	24	19	9	19	0.356740518212542
CALGASSGSWQLIF	TRAV6D-5	TRAJ22	CALGASSGSWQLIF_TRAV6D-5_TRAJ22	75	94	80	93	85.5	0.950211158035119	13	24	41	30	27	0.506947052196771
CALGMNYNQGKLIF	TRAV6D-6	TRAJ23	CALGMNYNQGKLIF_TRAV6D-6_TRAJ23	66	63	44	51	56	0.622360524561014	40	49	45	38	43	0.807360120165227
CAVSSSGSWQLIF	TRAV7-3	TRAJ22	CAVSSSGSWQLIF_TRAV7-3_TRAJ22	38	25	53	24	35	0.388975327850633	9	7	17	2	8.75	0.16428839654525
CANNYAQGLTF	TRAV7-3	TRAJ26	CANNYAQGLTF_TRAV7-3_TRAJ26	29	25	6	19	19.75	0.219493220715715	8	9	16	10	10.75	0.201840030041307
CALSASSGSWQLIF	TRAV6-5	TRAJ22	CALSASSGSWQLIF_TRAV6-5_TRAJ22	40	50	36	43	42.25	0.469548788619693	19	11	11	14	13.75	0.258167480285392
CAAERGNMGYKLTF	TRAV4D-4	TRAJ9	CAAERGNMGYKLTF_TRAV4D-4_TRAJ9	58	33	10	34	33.75	0.375083351855968	6	15	13	8	10.5	0.1971460758543
CAVRAGGYKVVF	TRAV7-3	TRAJ12	CAVRAGGYKVVF_TRAV7-3_TRAJ12	29	32	19	16	24	0.266725939097577	25	62	22	12	30.25	0.567968456627863
CALGSYQGGRALIF	TRAV6D-7	TRAJ15	CALGSYQGGRALIF_TRAV6D-7_TRAJ15	50	39	13	35	34.25	0.380640142253834	5	6	10	17	9.5	0.178370259106271
CALSAGTGGYKVVF	TRAV12N-3	TRAJ12	CALSAGTGGYKVVF_TRAV12N-3_TRAJ12	41	31	21	59	38	0.422316070237831	28	18	12	13	17.75	0.333270747277507
CAAEVTGNTGKLIF	TRAV4D-3	TRAJ37	CAAEVTGNTGKLIF_TRAV4D-3_TRAJ37	41	24	4	14	20.75	0.230606801511447	14	4	14	3	8.75	0.16428839654525
CAADYA_TR*SL	TRAV4D-3	TRAJ47	CAADYA_TR*SL_TRAV4D-3_TRAJ47	27	19	33	11	22.5	0.250055567903979	1	28	26	9	16	0.300413067968457
CAVKRGSALGRLHF	TRAV7-3	TRAJ18	CAVKRGSALGRLHF_TRAV7-3_TRAJ18	28	34	21	8	22.75	0.252833963102912	18	22	21	14	18.75	0.352046564025535
CAVSMSNMGYKLTF	TRAV7-3	TRAJ9	CAVSMSNMGYKLTF_TRAV7-3_TRAJ9	23	15	5	11	13.5	0.150033340742387	33	15	14	8	17.5	0.328576793090499
CALRNYNQGKLIF	TRAV6-5	TRAJ23	CALRNYNQGKLIF_TRAV6-5_TRAJ23	31	20	32	35	29.5	0.327850633474105	43	22	13	4	20.5	0.384904243334585
CAASRANTGKLTF	TRAV7-2	TRAJ27	CAASRANTGKLTF_TRAV7-2_TRAJ27	40	33	15	17	26.25	0.291731495887975	6	30	29	21	21.5	0.403680060082614
CAAAGS_VENSLW	TRAV4D-4	TRAJ44	CAAAGS_VENSLW_TRAV4D-4_TRAJ44	26	15	18	6	16.25	0.180595687930651	4	19	19	9	12.75	0.239391663537364
CAAQGGRALIF	TRAV4N-3	TRAJ15	CAAQGGRALIF_TRAV4N-3_TRAJ15	47	56	33	30	41.5	0.461213603022894	17	21	24	6	17	0.319188884716485
CAANYAQGLTF	TRAV4D-3	TRAJ26	CAANYAQGLTF_TRAV4D-3_TRAJ26	38	19	52	48	39.25	0.436208046232496	26	12	15	19	18	0.337964701464514
CAVSIGNMGYKLTF	TRAV7D-6	TRAJ9	CAVSIGNMGYKLTF_TRAV7D-6_TRAJ9	54	30	13	25	30.5	0.338964214269838	8	13	18	10	12.25	0.23000375516335
CAAEGNSGTYQRF	TRAV4N-3	TRAJ13	CAAEGNSGTYQRF_TRAV4N-3_TRAJ13	34	7	11	19	17.75	0.19726605912425	3	11	13	4	7.75	0.145512579797221
CAAGNSNNRIFF	TRAV4D-3	TRAJ31	CAAGNSNNRIFF_TRAV4D-3_TRAJ31	34	72	48	33	46.75	0.519559902200489	63	36	20	13	33	0.619601952684942
CAADAGAKLTF	TRAV4D-3	TRAJ39	CAADAGAKLTF_TRAV4D-3_TRAJ39	23	14	4	10	12.75	0.141698155145588	11	12	10	7	10	0.187758167480285
CAASRTGGYKVVF	TRAV14-3	TRAJ12	CAASRTGGYKVVF_TRAV14-3_TRAJ12	25	8	11	22	16.5	0.183374083129584	6	2	2	5	3.75	0.070409312805107
CAMEHMGYKLTF	TRAV13N-4	TRAJ9	CAMEHMGYKLTF_TRAV13N-4_TRAJ9	24	23	9	3	14.75	0.163925316737053	12	14	11	3	10	0.187758167480285
CAVRGGGRALIF	TRAV7-3	TRAJ15	CAVRGGGRALIF_TRAV7-3_TRAJ15	27	27	15	16	21.25	0.236163591909313	8	17	11	7	10.75	0.201840030041307
CALNSGGSNAKLTF	TRAV12-3	TRAJ42	CALNSGGSNAKLTF_TRAV12-3_TRAJ42	42	40	18	36	34	0.377861747054901	33	21	19	4	19.25	0.361434472399549
CAAANSAGNKLTF	TRAV4N-3	TRAJ17	CAAANSAGNKLTF_TRAV4N-3_TRAJ17	30	49	14	42	33.75	0.375083351855968	6	5	35	16	15.5	0.291025159594442
CAAGNSAGNKLTF	TRAV4N-3	TRAJ17	CAAGNSAGNKLTF_TRAV4N-3_TRAJ17	34	61	23	29	36.75	0.408424094243165	54	41	57	24	44	0.826135936913256
CAALSGGNYKPTF	TRAV14-1	TRAJ6	CAALSGGNYKPTF_TRAV14-1_TRAJ6	38	20	3	21	20.5	0.227828406312514	17	29	8	7	15.25	0.286331205407435
CAAALTGNTGKLIF	TRAV4D-3	TRAJ37	CAAALTGNTGKLIF_TRAV4D-3_TRAJ37	29	15	17	1	15.5	0.172260502333852	4	5	5	3	4.25	0.0797972211791213
CAASEGTNAYKVIF	TRAV7-4	TRAJ30	CAASEGTNAYKVIF_TRAV7-4_TRAJ30	47	45	26	24	35.5	0.3945321182485	14	25	21	7	16.75	0.314494930529478
CALSVGSNNRIFF	TRAV12-3	TRAJ31	CALSVGSNNRIFF_TRAV12-3_TRAJ31	30	5	6	10	12.75	0.141698155145588	1	2	2	3	2	0.0375516334960571
CAAGTGGYKVVF	TRAV5D-4	TRAJ12	CAAGTGGYKVVF_TRAV5D-4_TRAJ12	35	54	48	49	46.5	0.516781507001556	32	31	24	5	23	0.431843785204656
CAANSAGNKLTF	TRAV14-1	TRAJ17	CAANSAGNKLTF_TRAV14-1_TRAJ17	40	52	33	49	43.5	0.483440764614359	78	62	45	24	52.25	0.981036425084491
CAADNNAPRF	TRAV4D-4	TRAJ43	CAADNNAPRF_TRAV4D-4_TRAJ43	31	22	27	32	28	0.311180262280507	23	16	12	22	18.25	0.342658655651521
CALGATSSGQKLVF	TRAV6D-5	TRAJ16	CALGATSSGQKLVF_TRAV6D-5_TRAJ16	49	19	30	39	34.25	0.380640142253834	52	30	24	16	30.5	0.57266241081487
CAVTPNYNQGKLIF	TRAV7-3	TRAJ23	CAVTPNYNQGKLIF_TRAV7-3_TRAJ23	19	16	8	7	12.5	0.138919759946655	5	25	17	1	12	0.225309800976342
CAAGGSSGNKLIF	TRAV4D-3	TRAJ32	CAAGGSSGNKLIF_TRAV4D-3_TRAJ32	47	37	6	47	34.25	0.380640142253834	7	40	27	14	22	0.413067968456628
CAAPSNTNKVVF	TRAV4D-3	TRAJ34	CAAPSNTNKVVF_TRAV4D-3_TRAJ34	34	3	75	31	35.75	0.397310513447433	3	1	8	2	3.5	0.0657153586180999
CALMEHQGGSAKLIF	TRAV15-2/DV6-2	TRAJ57	CALMEHQGGSAKLIF_TRAV15-2/DV6-2_TRAJ57	20	6	12	3	10.25	0.113914203156257	1	6	1	8	4	0.0751032669921142
CAAAITGNTGKLIF	TRAV4D-3	TRAJ37	CAAAITGNTGKLIF_TRAV4D-3_TRAJ37	36	26	37	29	32	0.355634585463436	22	1	11	12	11.5	0.215921892602328
CVLGDHSNNRIFF	TRAV6-2	TRAJ31	CVLGDHSNNRIFF_TRAV6-2_TRAJ31	17	1	8	3	7.25	0.0805734607690598	1	3	3	2	2.25	0.0422455876830642
CAADGGSNAKLTF	TRAV4D-3	TRAJ42	CAADGGSNAKLTF_TRAV4D-3_TRAJ42	30	24	32	8	23.5	0.261169148699711	12	12	17	2	10.75	0.201840030041307
CAASGTGGYKVVF	TRAV4N-3	TRAJ12	CAASGTGGYKVVF_TRAV4N-3_TRAJ12	31	24	33	9	24.25	0.26950433429651	16	20	17	5	14.5	0.272249342846414
CAVSYNAGAKLTF	TRAV3-3	TRAJ39	CAVSYNAGAKLTF_TRAV3-3_TRAJ39	25	3	22	16	16.5	0.183374083129584	5	4	9	7	6.25	0.117348854675178
CAPNSNNRIFF	TRAV7-3	TRAJ31	CAPNSNNRIFF_TRAV7-3_TRAJ31	26	26	36	34	30.5	0.338964214269838	24	12	8	9	13.25	0.248779571911378
CAASARNTGGLSGKLTF	TRAV14-1	TRAJ2	CAASARNTGGLSGKLTF_TRAV14-1_TRAJ2	29	35	6	13	20.75	0.230606801511447	5	20	19	13	14.25	0.267555388659407
CALGRYQGGRALIF	TRAV6D-7	TRAJ15	CALGRYQGGRALIF_TRAV6D-7_TRAJ15	75	34	25	34	42	0.46677039342076	23	13	24	14	18.5	0.347352609838528
CAMREDYNQGKLIF	TRAV6-3	TRAJ23	CAMREDYNQGKLIF_TRAV6-3_TRAJ23	17	5	18	21	15.25	0.169482107134919	2	6	12	9	7.25	0.136124671423207
CAASIDYNQGKLIF	TRAV7-2	TRAJ23	CAASIDYNQGKLIF_TRAV7-2_TRAJ23	30	34	28	25	29.25	0.325072238275172	26	19	40	25	27.5	0.516334960570785
CAVRGTGGYKVVF	TRAV7D-6	TRAJ12	CAVRGTGGYKVVF_TRAV7D-6_TRAJ12	32	30	13	17	23	0.255612358301845	30	45	44	9	32	0.600826135936913
CAASWNSNNRIFF	TRAV7-4	TRAJ31	CAASWNSNNRIFF_TRAV7-4_TRAJ31	16	14	2	4	9	0.100022227161591	17	7	8	2	8.5	0.159594442358243
CAALNSNNRIFF	TRAV4D-3	TRAJ31	CAALNSNNRIFF_TRAV4D-3_TRAJ31	80	58	39	21	49.5	0.550122249388753	42	67	59	14	45.5	0.854299662035299
CAMRENYNVLYF	TRAV16N	TRAJ21	CAMRENYNVLYF_TRAV16N_TRAJ21	18	3	7	6	8.5	0.0944654367637253	5	10	6	5	6.5	0.122042808862186
CAIRTNTGKLTF	TRAV13N-2	TRAJ27	CAIRTNTGKLTF_TRAV13N-2_TRAJ27	43	21	33	32	32.25	0.358412980662369	8	20	11	5	11	0.206533984228314
CAASGNTGKLTF	TRAV7-2	TRAJ27	CAASGNTGKLTF_TRAV7-2_TRAJ27	22	35	15	7	19.75	0.219493220715715	10	18	14	12	13.5	0.253473526098385
CAVNYAQGLTF	TRAV3-1	TRAJ26	CAVNYAQGLTF_TRAV3-1_TRAJ26	16	15	3	2	9	0.100022227161591	9	8	13	10	10	0.187758167480285
CALVGYQGGRALIF	TRAV6-4	TRAJ15	CALVGYQGGRALIF_TRAV6-4_TRAJ15	31	17	11	8	16.75	0.186152478328517	3	13	13	2	7.75	0.145512579797221
CALAASSGSWQLIF	TRAV6D-5	TRAJ22	CALAASSGSWQLIF_TRAV6D-5_TRAJ22	20	17	17	35	22.25	0.247277172705046	11	2	3	3	4.75	0.0891851295531356
CAAPASSGSWQLIF	TRAV4D-3	TRAJ22	CAAPASSGSWQLIF_TRAV4D-3_TRAJ22	57	58	50	81	61.5	0.683485218937542	28	27	28	27	27.5	0.516334960570785
CAVYGSSGNKLIF	TRAV4D-3	TRAJ32	CAVYGSSGNKLIF_TRAV4D-3_TRAJ32	26	12	8	7	13.25	0.147254945543454	8	8	8	2	6.5	0.122042808862186
CATGTQVVGQLTF	TRAV8D-2	TRAJ5	CATGTQVVGQLTF_TRAV8D-2_TRAJ5	27	12	3	1	10.75	0.119470993554123	8	50	15	4	19.25	0.361434472399549
CAVKTQVVGQLTF	TRAV7-3	TRAJ5	CAVKTQVVGQLTF_TRAV7-3_TRAJ5	15	1	6	8	7.5	0.0833518559679929	8	17	1	2	7	0.1314307172362
CAAHSNNRIFF	TRAV4D-4	TRAJ31	CAAHSNNRIFF_TRAV4D-4_TRAJ31	28	26	19	36	27.25	0.302845076683708	2	14	11	6	8.25	0.154900488171235
CALRTSGGNYKPTF	TRAV12N-3	TRAJ6	CALRTSGGNYKPTF_TRAV12N-3_TRAJ6	27	11	9	6	13.25	0.147254945543454	2	25	18	4	12.25	0.23000375516335
CAAVITGNTGKLIF	TRAV4D-3	TRAJ37	CAAVITGNTGKLIF_TRAV4D-3_TRAJ37	20	14	18	22	18.5	0.205601244721049	9	6	10	8	8.25	0.154900488171235
CAAEVAGNTGKLIF	TRAV4D-3	TRAJ37	CAAEVAGNTGKLIF_TRAV4D-3_TRAJ37	16	36	30	30	28	0.311180262280507	1	5	6	3	3.75	0.070409312805107
CAAGRGSNAKLTF	TRAV19	TRAJ42	CAAGRGSNAKLTF_TRAV19_TRAJ42	36	52	26	18	33	0.366748166259169	24	14	39	28	26.25	0.492865189635749
CAGSNYNVLYF	TRAV7-2	TRAJ21	CAGSNYNVLYF_TRAV7-2_TRAJ21	25	4	13	3	11.25	0.125027783951989	5	3	2	9	4.75	0.0891851295531356
CAASRDYNQGKLIF	TRAV7-2	TRAJ23	CAASRDYNQGKLIF_TRAV7-2_TRAJ23	14	35	6	8	15.75	0.175038897532785	20	14	7	11	13	0.244085617724371
CAASVQGGRALIF	TRAV7-2	TRAJ15	CAASVQGGRALIF_TRAV7-2_TRAJ15	13	4	8	7	8	0.0889086463658591	1	5	5	6	4.25	0.0797972211791213
CAVTGGSNAKLTF	TRAV3-3	TRAJ42	CAVTGGSNAKLTF_TRAV3-3_TRAJ42	14	8	9	14	11.25	0.125027783951989	3	4	19	9	8.75	0.16428839654525
CATENAGAKLTF	TRAV8-1	TRAJ39	CATENAGAKLTF_TRAV8-1_TRAJ39	29	29	12	7	19.25	0.213936430317848	10	34	24	12	20	0.375516334960571
CVLGASSGSWQLIF	TRAV6D-5	TRAJ22	CVLGASSGSWQLIF_TRAV6D-5_TRAJ22	12	22	21	10	16.25	0.180595687930651	2	7	13	7	7.25	0.136124671423207
CAVSRSSNTNKVVF	TRAV7-3	TRAJ34	CAVSRSSNTNKVVF_TRAV7-3_TRAJ34	13	3	3	5	6	0.0666814847743943	1	3	4	2	2.5	0.0469395418700713
CAVSARNNNAPRF	TRAV9D-4	TRAJ43	CAVSARNNNAPRF_TRAV9D-4_TRAJ43	26	28	14	13	20.25	0.225050011113581	36	26	17	3	20.5	0.384904243334585
CAARNTNTGKLTF	TRAV5D-4	TRAJ27	CAARNTNTGKLTF_TRAV5D-4_TRAJ27	16	13	3	6	9.5	0.105579017559458	10	5	5	3	5.75	0.107960946301164
CAASKANTGKLTF	TRAV7-2	TRAJ27	CAASKANTGKLTF_TRAV7-2_TRAJ27	12	12	12	10	11.5	0.127806179150922	2	5	10	3	5	0.0938790837401427
CAARMSNYNVLYF	TRAV14-1	TRAJ21	CAARMSNYNVLYF_TRAV14-1_TRAJ21	16	8	13	13	12.5	0.138919759946655	1	1	3	2	1.75	0.0328576793090499
CAADTGKLTF	TRAV4D-3	TRAJ27	CAADTGKLTF_TRAV4D-3_TRAJ27	14	17	7	9	11.75	0.130584574349856	2	15	10	2	7.25	0.136124671423207
CAAEAPSGSWQLIF	TRAV4D-4	TRAJ22	CAAEAPSGSWQLIF_TRAV4D-4_TRAJ22	25	24	21	21	22.75	0.252833963102912	2	9	3	2	4	0.0751032669921142
CAASGRTGGYKVVF	TRAV7-4	TRAJ12	CAASGRTGGYKVVF_TRAV7-4_TRAJ12	46	28	10	12	24	0.266725939097577	13	27	9	2	12.75	0.239391663537364
CALSEGSNNRIFF	TRAV12-3	TRAJ31	CALSEGSNNRIFF_TRAV12-3_TRAJ31	33	28	25	38	31	0.344521004667704	15	27	22	15	19.75	0.370822380773564
CSAASNMGYKLTF	TRAV5-1	TRAJ9	CSAASNMGYKLTF_TRAV5-1_TRAJ9	11	9	6	3	7.25	0.0805734607690598	9	3	4	1	4.25	0.0797972211791213
CAASNMGYKLTF	TRAV4D-3	TRAJ9	CAASNMGYKLTF_TRAV4D-3_TRAJ9	14	2	28	12	14	0.155590131140253	6	6	14	7	8.25	0.154900488171235
CAVSPASSGSWQLIF	TRAV7-3	TRAJ22	CAVSPASSGSWQLIF_TRAV7-3_TRAJ22	17	34	9	14	18.5	0.205601244721049	5	1	4	7	4.25	0.0797972211791213
CALRLSGSFNKLTF	TRAV12N-3	TRAJ4	CALRLSGSFNKLTF_TRAV12N-3_TRAJ4	14	11	4	4	8.25	0.0916870415647922	11	15	4	4	8.5	0.159594442358243
CALITGNTGKLIF	TRAV13D-1	TRAJ37	CALITGNTGKLIF_TRAV13D-1_TRAJ37	16	37	10	9	18	0.200044454323183	20	43	23	4	22.5	0.422455876830642
CALITGNTGKLIF	TRAV12-3	TRAJ37	CALITGNTGKLIF_TRAV12-3_TRAJ37	21	18	19	14	18	0.200044454323183	26	33	5	2	16.5	0.309800976342471
CAVSANAGAKLTF	TRAV3-3	TRAJ39	CAVSANAGAKLTF_TRAV3-3_TRAJ39	13	4	3	7	6.75	0.0750166703711936	8	7	4	1	5	0.0938790837401427
CAARTGGYKVVF	TRAV7-4	TRAJ12	CAARTGGYKVVF_TRAV7-4_TRAJ12	17	4	5	6	8	0.0889086463658591	1	14	22	3	10	0.187758167480285
CAAGSGTYQRF	TRAV4D-4	TRAJ13	CAAGSGTYQRF_TRAV4D-4_TRAJ13	10	8	2	2	5.5	0.0611246943765281	3	3	1	1	2	0.0375516334960571
CAAGNTGKLIF	TRAV4D-3	TRAJ37	CAAGNTGKLIF_TRAV4D-3_TRAJ37	17	5	4	5	7.75	0.086130251166926	1	6	5	2	3.5	0.0657153586180999
CALSVSSGSWQLIF	TRAV12N-3	TRAJ22	CALSVSSGSWQLIF_TRAV12N-3_TRAJ22	13	12	20	19	16	0.177817292731718	16	10	6	11	10.75	0.201840030041307
CAVSIGTNAYKVIF	TRAV7-1	TRAJ30	CAVSIGTNAYKVIF_TRAV7-1_TRAJ30	28	20	18	6	18	0.200044454323183	9	8	6	2	6.25	0.117348854675178
CAASEQGMGYKLTF	TRAV7-4	TRAJ9	CAASEQGMGYKLTF_TRAV7-4_TRAJ9	12	7	8	16	10.75	0.119470993554123	7	6	5	1	4.75	0.0891851295531356
CAASEDYNQGKLIF	TRAV7-2	TRAJ23	CAASEDYNQGKLIF_TRAV7-2_TRAJ23	13	8	6	11	9.5	0.105579017559458	5	4	2	7	4.5	0.0844911753661284
CALASNMGYKLTF	TRAV6D-5	TRAJ9	CALASNMGYKLTF_TRAV6D-5_TRAJ9	9	7	3	13	8	0.0889086463658591	8	3	2	4	4.25	0.0797972211791213
CALTSSGSWQLIF	TRAV12N-3	TRAJ22	CALTSSGSWQLIF_TRAV12N-3_TRAJ22	22	14	10	13	14.75	0.163925316737053	11	6	2	4	5.75	0.107960946301164
CAMRGSALGRLHF	TRAV6-3	TRAJ18	CAMRGSALGRLHF_TRAV6-3_TRAJ18	9	2	5	1	4.25	0.0472327183818626	5	6	5	4	5	0.0938790837401427
CALTGANTGKLTF	TRAV17	TRAJ52	CALTGANTGKLTF_TRAV17_TRAJ52	18	19	7	4	12	0.133362969548789	8	13	13	5	9.75	0.183064213293278
CAVRESNYNVLYF	TRAV3D-3	TRAJ21	CAVRESNYNVLYF_TRAV3D-3_TRAJ21	19	25	18	11	18.25	0.202822849522116	26	41	43	13	30.75	0.577356365001878
CAAASNNRIFF	TRAV4D-3	TRAJ31	CAAASNNRIFF_TRAV4D-3_TRAJ31	9	17	6	5	9.25	0.102800622360525	3	27	19	1	12.5	0.234697709350357
CAAPYAQGLTF	TRAV4D-3	TRAJ26	CAAPYAQGLTF_TRAV4D-3_TRAJ26	34	11	16	4	16.25	0.180595687930651	1	4	11	1	4.25	0.0797972211791213
CATNYAQGLTF	TRAV7-3	TRAJ26	CATNYAQGLTF_TRAV7-3_TRAJ26	22	8	4	7	10.25	0.113914203156257	5	8	8	6	6.75	0.126736763049193
CALSPNTGGLSGKLTF	TRAV12N-3	TRAJ2	CALSPNTGGLSGKLTF_TRAV12N-3_TRAJ2	13	13	6	15	11.75	0.130584574349856	11	6	4	3	6	0.112654900488171
CAVSSLSGSFNKLTF	TRAV3D-3	TRAJ4	CAVSSLSGSFNKLTF_TRAV3D-3_TRAJ4	11	7	3	7	7	0.0777950655701267	4	2	5	1	3	0.0563274502440856
CALGASNSGTYQRF	TRAV6D-6	TRAJ13	CALGASNSGTYQRF_TRAV6D-6_TRAJ13	13	10	28	8	14.75	0.163925316737053	1	7	4	1	3.25	0.0610214044310928
CALSSSSGSWQLIF	TRAV12N-3	TRAJ22	CALSSSSGSWQLIF_TRAV12N-3_TRAJ22	10	3	7	10	7.5	0.0833518559679929	5	2	4	3	3.5	0.0657153586180999
CAASLTGNTGKLIF	TRAV4D-3	TRAJ37	CAASLTGNTGKLIF_TRAV4D-3_TRAJ37	14	5	13	4	9	0.100022227161591	1	10	1	2	3.5	0.0657153586180999
CALAPSNYNVLYF	TRAV6-4	TRAJ21	CALAPSNYNVLYF_TRAV6-4_TRAJ21	8	20	21	25	18.5	0.205601244721049	11	26	10	5	13	0.244085617724371
CALTMSNYNVLYF	TRAV12N-3	TRAJ21	CALTMSNYNVLYF_TRAV12N-3_TRAJ21	22	11	17	11	15.25	0.169482107134919	4	6	5	3	4.5	0.0844911753661284
CAAGQGGSAKLIF	TRAV4D-4	TRAJ57	CAAGQGGSAKLIF_TRAV4D-4_TRAJ57	13	12	10	10	11.25	0.125027783951989	27	9	7	8	12.75	0.239391663537364
CAATNSAGNKLTF	TRAV4D-4	TRAJ17	CAATNSAGNKLTF_TRAV4D-4_TRAJ17	13	16	10	7	11.5	0.127806179150922	14	28	3	2	11.75	0.220615846789335
CAVKGSALGRLHF	TRAV7-3	TRAJ18	CAVKGSALGRLHF_TRAV7-3_TRAJ18	12	10	5	5	8	0.0889086463658591	15	3	3	3	6	0.112654900488171
CAASRNSGTYQRF	TRAV7-2	TRAJ13	CAASRNSGTYQRF_TRAV7-2_TRAJ13	12	5	5	13	8.75	0.0972438319626584	4	18	14	23	14.75	0.276943297033421
CAVKNYNQGKLIF	TRAV3D-3	TRAJ23	CAVKNYNQGKLIF_TRAV3D-3_TRAJ23	8	18	2	3	7.75	0.086130251166926	5	11	5	2	5.75	0.107960946301164
CALDNNRIFF	TRAV12D-2	TRAJ31	CALDNNRIFF_TRAV12D-2_TRAJ31	8	16	3	5	8	0.0889086463658591	17	13	4	7	10.25	0.192452121667293
CALSATGTGGYKVVF	TRAV12N-3	TRAJ12	CALSATGTGGYKVVF_TRAV12N-3_TRAJ12	17	15	2	3	9.25	0.102800622360525	1	3	3	1	2	0.0375516334960571
CALSPPSSGSWQLIF	TRAV6-5	TRAJ22	CALSPPSSGSWQLIF_TRAV6-5_TRAJ22	24	15	37	23	24.75	0.275061124694377	8	2	10	7	6.75	0.126736763049193
CALRGTGGLSGKLTF	TRAV12N-3	TRAJ2	CALRGTGGLSGKLTF_TRAV12N-3_TRAJ2	28	9	12	5	13.5	0.150033340742387	10	3	2	1	4	0.0751032669921142
CAMRVMNYNQGKLIF	TRAV6-3	TRAJ23	CAMRVMNYNQGKLIF_TRAV6-3_TRAJ23	33	32	6	18	22.25	0.247277172705046	15	21	32	3	17.75	0.333270747277507
CVLGLTGNTGKLIF	TRAV6-2	TRAJ37	CVLGLTGNTGKLIF_TRAV6-2_TRAJ37	14	5	3	3	6.25	0.0694598799733274	7	9	17	5	9.5	0.178370259106271
CALRAGTGGYKVVF	TRAV12D-2	TRAJ12	CALRAGTGGYKVVF_TRAV12D-2_TRAJ12	7	13	10	13	10.75	0.119470993554123	7	11	2	4	6	0.112654900488171
CALRRTQVVGQLTF	TRAV12N-3	TRAJ5	CALRRTQVVGQLTF_TRAV12N-3_TRAJ5	17	17	2	25	15.25	0.169482107134919	20	8	9	2	9.75	0.183064213293278
CAIVRGSALGRLHF	TRAV13N-2	TRAJ18	CAIVRGSALGRLHF_TRAV13N-2_TRAJ18	14	12	6	17	12.25	0.136141364747722	4	7	6	4	5.25	0.0985730379271498
CAASAKTGGYKVVF	TRAV14-1	TRAJ12	CAASAKTGGYKVVF_TRAV14-1_TRAJ12	10	19	13	17	14.75	0.163925316737053	20	9	16	9	13.5	0.253473526098385
CAASTSNMGYKLTF	TRAV14-1	TRAJ9	CAASTSNMGYKLTF_TRAV14-1_TRAJ9	7	9	8	14	9.5	0.105579017559458	22	10	11	4	11.75	0.220615846789335
CAASMYYNQGKLIF	TRAV7-2	TRAJ23	CAASMYYNQGKLIF_TRAV7-2_TRAJ23	7	2	9	5	5.75	0.0639030895754612	14	8	8	7	9.25	0.173676304919264
CALVMSNYNVLYF	TRAV6-4	TRAJ21	CALVMSNYNVLYF_TRAV6-4_TRAJ21	7	4	6	4	5.25	0.058346299177595	5	3	6	5	4.75	0.0891851295531356
CALSSSNTNKVVF	TRAV12N-3	TRAJ34	CALSSSNTNKVVF_TRAV12N-3_TRAJ34	9	5	9	11	8.5	0.0944654367637253	5	3	4	4	4	0.0751032669921142
CAAVMDSNYQLIW	TRAV4D-3	TRAJ33	CAAVMDSNYQLIW_TRAV4D-3_TRAJ33	17	18	7	12	13.5	0.150033340742387	8	1	11	2	5.5	0.103266992114157
CAAEGPGYQNFYF	TRAV4D-3	TRAJ49	CAAEGPGYQNFYF_TRAV4D-3_TRAJ49	8	19	19	22	17	0.188930873527451	1	1	3	1	1.5	0.0281637251220428
CAPNTNTGKLTF	TRAV8-1	TRAJ27	CAPNTNTGKLTF_TRAV8-1_TRAJ27	20	9	10	14	13.25	0.147254945543454	15	28	16	13	18	0.337964701464514
CAVKSAGNKLTF	TRAV4-2	TRAJ17	CAVKSAGNKLTF_TRAV4-2_TRAJ17	14	3	5	2	6	0.0666814847743943	5	1	2	2	2.5	0.0469395418700713
CAADSGSWQLIF	TRAV4N-3	TRAJ22	CAADSGSWQLIF_TRAV4N-3_TRAJ22	7	1	11	4	5.75	0.0639030895754612	1	1	10	2	3.5	0.0657153586180999
CAATEGADRLTF	TRAV4D-3	TRAJ45	CAATEGADRLTF_TRAV4D-3_TRAJ45	8	7	3	4	5.5	0.0611246943765281	1	7	7	3	4.5	0.0844911753661284
CALIYS_QQTYF	TRAV12N-3	TRAJ7	CALIYS_QQTYF_TRAV12N-3_TRAJ7	7	6	8	2	5.75	0.0639030895754612	1	8	3	3	3.75	0.070409312805107
CALPNYNVLYF	TRAV12N-3	TRAJ21	CALPNYNVLYF_TRAV12N-3_TRAJ21	14	10	4	11	9.75	0.108357412758391	11	3	2	2	4.5	0.0844911753661284
CAANSGTYQRF	TRAV4D-4	TRAJ13	CAANSGTYQRF_TRAV4D-4_TRAJ13	12	8	8	11	9.75	0.108357412758391	9	15	4	3	7.75	0.145512579797221
CAHNYAQGLTF	TRAV7-3	TRAJ26	CAHNYAQGLTF_TRAV7-3_TRAJ26	11	23	2	11	11.75	0.130584574349856	11	20	13	3	11.75	0.220615846789335
CALSGTSNMGYKLTF	TRAV12N-3	TRAJ9	CALSGTSNMGYKLTF_TRAV12N-3_TRAJ9	15	12	2	8	9.25	0.102800622360525	10	5	10	6	7.75	0.145512579797221
CALSDRGSGYNKLTF	TRAV12N-3	TRAJ11	CALSDRGSGYNKLTF_TRAV12N-3_TRAJ11	13	9	11	6	9.75	0.108357412758391	1	11	4	1	4.25	0.0797972211791213
CALGSSSGSWQLIF	TRAV6D-5	TRAJ22	CALGSSSGSWQLIF_TRAV6D-5_TRAJ22	16	16	15	27	18.5	0.205601244721049	7	11	4	6	7	0.1314307172362
CALGTYQGGRALIF	TRAV6D-7	TRAJ15	CALGTYQGGRALIF_TRAV6D-7_TRAJ15	9	13	3	8	8.25	0.0916870415647922	19	4	4	4	7.75	0.145512579797221
CALTLSSGSWQLIF	TRAV6-5	TRAJ22	CALTLSSGSWQLIF_TRAV6-5_TRAJ22	10	13	8	16	11.75	0.130584574349856	1	14	6	3	6	0.112654900488171
CAAERTSNTNKVVF	TRAV4D-3	TRAJ34	CAAERTSNTNKVVF_TRAV4D-3_TRAJ34	13	2	9	10	8.5	0.0944654367637253	2	3	1	1	1.75	0.0328576793090499
CATALSGSFNKLTF	TRAV8D-2	TRAJ4	CATALSGSFNKLTF_TRAV8D-2_TRAJ4	17	8	21	22	17	0.188930873527451	27	34	29	15	26.25	0.492865189635749
CALTGYNQGKLIF	TRAV12D-2	TRAJ23	CALTGYNQGKLIF_TRAV12D-2_TRAJ23	19	1	9	12	10.25	0.113914203156257	1	1	3	2	1.75	0.0328576793090499
CALASSGSWQLIF	TRAV12N-3	TRAJ22	CALASSGSWQLIF_TRAV12N-3_TRAJ22	10	6	2	6	6	0.0666814847743943	5	1	2	2	2.5	0.0469395418700713
CAAGASSGQKLVF	TRAV4N-3	TRAJ16	CAAGASSGQKLVF_TRAV4N-3_TRAJ16	9	15	3	14	10.25	0.113914203156257	7	5	2	5	4.75	0.0891851295531356
CAASYQGGRALIF	TRAV7-2	TRAJ15	CAASYQGGRALIF_TRAV7-2_TRAJ15	13	22	12	7	13.5	0.150033340742387	7	15	12	8	10.5	0.1971460758543
CAARRQGGRALIF	TRAV7-2	TRAJ15	CAARRQGGRALIF_TRAV7-2_TRAJ15	18	11	3	4	9	0.100022227161591	1	21	8	1	7.75	0.145512579797221
CAARRTGGYKVVF	TRAV14-1	TRAJ12	CAARRTGGYKVVF_TRAV14-1_TRAJ12	13	14	4	4	8.75	0.0972438319626584	7	4	8	4	5.75	0.107960946301164
CALNSGYNKLTF	TRAV12N-3	TRAJ11	CALNSGYNKLTF_TRAV12N-3_TRAJ11	6	5	1	6	4.5	0.0500111135807957	1	9	3	1	3.5	0.0657153586180999
CAAPNSNNRIFF	TRAV4D-3	TRAJ31	CAAPNSNNRIFF_TRAV4D-3_TRAJ31	15	10	10	41	19	0.211158035118915	2	1	6	2	2.75	0.0516334960570785
CAVGTGGYKVVF	TRAV7D-6	TRAJ12	CAVGTGGYKVVF_TRAV7D-6_TRAJ12	13	12	7	2	8.5	0.0944654367637253	11	20	12	3	11.5	0.215921892602328
CAAVQGGRALIF	TRAV14-1	TRAJ15	CAAVQGGRALIF_TRAV14-1_TRAJ15	13	14	3	18	12	0.133362969548789	10	14	7	6	9.25	0.173676304919264
CAANSNNRIFF	TRAV4D-4	TRAJ31	CAANSNNRIFF_TRAV4D-4_TRAJ31	16	16	19	2	13.25	0.147254945543454	1	4	2	3	2.5	0.0469395418700713
CAASDYNVLYF	TRAV14-1	TRAJ21	CAASDYNVLYF_TRAV14-1_TRAJ21	9	4	13	23	12.25	0.136141364747722	5	9	10	11	8.75	0.16428839654525
CAMREGTGNTGKLIF	TRAV16N	TRAJ37	CAMREGTGNTGKLIF_TRAV16N_TRAJ37	5	24	18	19	16.5	0.183374083129584	4	40	23	6	18.25	0.342658655651521
CALERLSNYNVLYF	TRAV13D-1	TRAJ21	CALERLSNYNVLYF_TRAV13D-1_TRAJ21	12	3	9	3	6.75	0.0750166703711936	9	10	4	3	6.5	0.122042808862186
CALSGANSGTYQRF	TRAV12N-3	TRAJ13	CALSGANSGTYQRF_TRAV12N-3_TRAJ13	9	7	9	13	9.5	0.105579017559458	4	10	11	5	7.5	0.140818625610214
CALSEGNMGYKLTF	TRAV12N-3	TRAJ9	CALSEGNMGYKLTF_TRAV12N-3_TRAJ9	7	6	9	7	7.25	0.0805734607690598	2	6	1	1	2.5	0.0469395418700713
CALKTSGGNYKPTF	TRAV12N-3	TRAJ6	CALKTSGGNYKPTF_TRAV12N-3_TRAJ6	10	12	5	7	8.5	0.0944654367637253	9	9	6	2	6.5	0.122042808862186
CAAEASSGSWQLIF	TRAV4D-4	TRAJ22	CAAEASSGSWQLIF_TRAV4D-4_TRAJ22	6	18	6	23	13.25	0.147254945543454	4	7	2	1	3.5	0.0657153586180999
CAAIITGNTGKLIF	TRAV4D-3	TRAJ37	CAAIITGNTGKLIF_TRAV4D-3_TRAJ37	12	4	4	1	5.25	0.058346299177595	3	3	2	1	2.25	0.0422455876830642
CAASGASSGQKLVF	TRAV7-2	TRAJ16	CAASGASSGQKLVF_TRAV7-2_TRAJ16	5	5	6	1	4.25	0.0472327183818626	4	6	6	1	4.25	0.0797972211791213
CAVSEGNMGYKLTF	TRAV3D-3	TRAJ9	CAVSEGNMGYKLTF_TRAV3D-3_TRAJ9	5	5	6	3	4.75	0.0527895087797288	14	15	4	1	8.5	0.159594442358243
CALSGHSNNRIFF	TRAV6-5	TRAJ31	CALSGHSNNRIFF_TRAV6-5_TRAJ31	9	10	22	7	12	0.133362969548789	1	14	2	1	4.5	0.0844911753661284
CAVRGTNAYKVIF	TRAV7-3	TRAJ30	CAVRGTNAYKVIF_TRAV7-3_TRAJ30	19	5	9	5	9.5	0.105579017559458	10	14	13	2	9.75	0.183064213293278
CAASGSAGNKLTF	TRAV7-2	TRAJ17	CAASGSAGNKLTF_TRAV7-2_TRAJ17	11	14	17	18	15	0.166703711935986	3	1	4	4	3	0.0563274502440856
CAASRGNQGKLIF	TRAV7-2	TRAJ23	CAASRGNQGKLIF_TRAV7-2_TRAJ23	6	15	13	6	10	0.111135807957324	4	6	2	1	3.25	0.0610214044310928
CAAEAGNNRIFF	TRAV4D-3	TRAJ31	CAAEAGNNRIFF_TRAV4D-3_TRAJ31	11	4	4	19	9.5	0.105579017559458	9	4	7	5	6.25	0.117348854675178
CALGSNYQLIW	TRAV6D-6	TRAJ33	CALGSNYQLIW_TRAV6D-6_TRAJ33	9	16	3	9	9.25	0.102800622360525	14	8	3	2	6.75	0.126736763049193
CVVGDRGSALGRLHF	TRAV11	TRAJ18	CVVGDRGSALGRLHF_TRAV11_TRAJ18	5	4	4	13	6.5	0.0722382751722605	4	5	2	1	3	0.0563274502440856
CALRSGTGGYKVVF	TRAV12D-2	TRAJ12	CALRSGTGGYKVVF_TRAV12D-2_TRAJ12	8	11	20	29	17	0.188930873527451	7	15	4	1	6.75	0.126736763049193
CALRTGTGGYKVVF	TRAV12D-2	TRAJ12	CALRTGTGGYKVVF_TRAV12D-2_TRAJ12	6	7	16	4	8.25	0.0916870415647922	8	6	5	2	5.25	0.0985730379271498
CALGGRQGGRALIF	TRAV6D-6	TRAJ15	CALGGRQGGRALIF_TRAV6D-6_TRAJ15	9	4	6	5	6	0.0666814847743943	1	5	6	1	3.25	0.0610214044310928
CALMLSGSFNKLTF	TRAV12N-3	TRAJ4	CALMLSGSFNKLTF_TRAV12N-3_TRAJ4	7	6	10	4	6.75	0.0750166703711936	5	16	8	1	7.5	0.140818625610214
CALSSGTGGYKVVF	TRAV12N-3	TRAJ12	CALSSGTGGYKVVF_TRAV12N-3_TRAJ12	11	7	5	2	6.25	0.0694598799733274	1	6	8	2	4.25	0.0797972211791213
CALSGGGSNAKLTF	TRAV12-3	TRAJ42	CALSGGGSNAKLTF_TRAV12-3_TRAJ42	8	13	12	17	12.5	0.138919759946655	12	8	6	3	7.25	0.136124671423207
CALRGTQVVGQLTF	TRAV12N-3	TRAJ5	CALRGTQVVGQLTF_TRAV12N-3_TRAJ5	7	9	3	8	6.75	0.0750166703711936	16	6	2	1	6.25	0.117348854675178
CALSRTGGYKVVF	TRAV12N-3	TRAJ12	CALSRTGGYKVVF_TRAV12N-3_TRAJ12	11	3	2	5	5.25	0.058346299177595	3	3	2	1	2.25	0.0422455876830642
CALRGGNTGKLIF	TRAV12-3	TRAJ37	CALRGGNTGKLIF_TRAV12-3_TRAJ37	8	13	14	23	14.5	0.16114692153812	6	11	3	6	6.5	0.122042808862186
CAAPMDSNYQLIW	TRAV4D-3	TRAJ33	CAAPMDSNYQLIW_TRAV4D-3_TRAJ33	8	30	5	5	12	0.133362969548789	6	2	5	1	3.5	0.0657153586180999
CAATSSGSWQLIF	TRAV4D-3	TRAJ22	CAATSSGSWQLIF_TRAV4D-3_TRAJ22	4	9	11	10	8.5	0.0944654367637253	1	4	4	2	2.75	0.0516334960570785
CAASAPGYNKLTF	TRAV5D-4	TRAJ11	CAASAPGYNKLTF_TRAV5D-4_TRAJ11	4	11	9	4	7	0.0777950655701267	2	23	14	1	10	0.187758167480285
CAVSGNMGYKLTF	TRAV7-3	TRAJ9	CAVSGNMGYKLTF_TRAV7-3_TRAJ9	4	6	3	8	5.25	0.058346299177595	7	10	5	4	6.5	0.122042808862186
CAVRGYNQGKLIF	TRAV7-5	TRAJ23	CAVRGYNQGKLIF_TRAV7-5_TRAJ23	7	9	6	9	7.75	0.086130251166926	7	17	2	1	6.75	0.126736763049193
CAAGRNSNNRIFF	TRAV10	TRAJ31	CAAGRNSNNRIFF_TRAV10_TRAJ31	7	19	29	48	25.75	0.286174705490109	19	5	5	14	10.75	0.201840030041307
CAASPTGNYKYVF	TRAV7-2	TRAJ40	CAASPTGNYKYVF_TRAV7-2_TRAJ40	12	7	9	9	9.25	0.102800622360525	1	6	5	6	4.5	0.0844911753661284
CAASGGSNAKLTF	TRAV7-2	TRAJ42	CAASGGSNAKLTF_TRAV7-2_TRAJ42	7	23	8	5	10.75	0.119470993554123	26	30	18	6	20	0.375516334960571
CILRVVSNNRIFF	TRAV21/DV12	TRAJ31	CILRVVSNNRIFF_TRAV21/DV12_TRAJ31	17	3	5	14	9.75	0.108357412758391	4	11	6	5	6.5	0.122042808862186
CAVSAYNQGKLIF	TRAV3D-3	TRAJ23	CAVSAYNQGKLIF_TRAV3D-3_TRAJ23	8	10	6	5	7.25	0.0805734607690598	6	9	8	7	7.5	0.140818625610214
CAVRGYNQGKLIF	TRAV3D-3	TRAJ23	CAVRGYNQGKLIF_TRAV3D-3_TRAJ23	6	7	9	7	7.25	0.0805734607690598	3	11	8	5	6.75	0.126736763049193
CALSHY_QQQTYF	TRAV12D-2	TRAJ7	CALSHY_QQQTYF_TRAV12D-2_TRAJ7	7	7	1	1	4	0.0444543231829295	5	3	4	2	3.5	0.0657153586180999
CALSRY_QQQTYF	TRAV12N-3	TRAJ7	CALSRY_QQQTYF_TRAV12N-3_TRAJ7	5	4	4	2	3.75	0.0416759279839964	1	7	7	1	4	0.0751032669921142
CAAEPY_QTR*SL	TRAV4D-4	TRAJ47	CAAEPY_QTR*SL_TRAV4D-4_TRAJ47	8	13	6	2	7.25	0.0805734607690598	1	14	3	3	5.25	0.0985730379271498
CAAPGNTGKLIF	TRAV4D-3	TRAJ37	CAAPGNTGKLIF_TRAV4D-3_TRAJ37	5	14	3	7	7.25	0.0805734607690598	9	4	10	1	6	0.112654900488171
CAADDSNNRIFF	TRAV4D-3	TRAJ31	CAADDSNNRIFF_TRAV4D-3_TRAJ31	4	4	6	1	3.75	0.0416759279839964	4	8	3	1	4	0.0751032669921142
CAEDTNAYKVIF	TRAV7-6	TRAJ30	CAEDTNAYKVIF_TRAV7-6_TRAJ30	8	3	12	16	9.75	0.108357412758391	10	7	8	9	8.5	0.159594442358243
CAINYAQGLTF	TRAV7-3	TRAJ26	CAINYAQGLTF_TRAV7-3_TRAJ26	4	9	3	9	6.25	0.0694598799733274	5	9	3	2	4.75	0.0891851295531356
CAVSYAQGLTF	TRAV3-1	TRAJ26	CAVSYAQGLTF_TRAV3-1_TRAJ26	4	1	8	13	6.5	0.0722382751722605	2	4	2	4	3	0.0563274502440856
CALTAYGSSGNKLIF	TRAV12D-2	TRAJ32	CALTAYGSSGNKLIF_TRAV12D-2_TRAJ32	8	5	5	9	6.75	0.0750166703711936	3	1	1	1	1.5	0.0281637251220428
CAAGGITGNTGKLIF	TRAV4D-3	TRAJ37	CAAGGITGNTGKLIF_TRAV4D-3_TRAJ37	5	3	8	6	5.5	0.0611246943765281	13	3	7	2	6.25	0.117348854675178
CAADVTG_VVENSLW	TRAV4D-4	TRAJ44	CAADVTG_VVENSLW_TRAV4D-4_TRAJ44	3	7	5	1	4	0.0444543231829295	8	19	1	4	8	0.150206533984228
CALERMSNYNVLYF	TRAV13D-1	TRAJ21	CALERMSNYNVLYF_TRAV13D-1_TRAJ21	3	3	3	5	3.5	0.0388975327850633	1	2	3	1	1.75	0.0328576793090499
CALAMNYNQGKLIF	TRAV6D-6	TRAJ23	CALAMNYNQGKLIF_TRAV6D-6_TRAJ23	7	21	3	7	9.5	0.105579017559458	7	1	11	8	6.75	0.126736763049193
CALSGGNMGYKLTF	TRAV6-5	TRAJ9	CALSGGNMGYKLTF_TRAV6-5_TRAJ9	4	9	3	6	5.5	0.0611246943765281	13	1	3	1	4.5	0.0844911753661284
CAVMLSGSFNKLTF	TRAV4N-3	TRAJ4	CAVMLSGSFNKLTF_TRAV4N-3_TRAJ4	3	1	7	5	4	0.0444543231829295	4	4	2	1	2.75	0.0516334960570785
CAAEAMSNYNVLYF	TRAV4D-4	TRAJ21	CAAEAMSNYNVLYF_TRAV4D-4_TRAJ21	8	7	7	3	6.25	0.0694598799733274	4	1	1	3	2.25	0.0422455876830642
CAVSTGTGGYKVVF	TRAV7-3	TRAJ12	CAVSTGTGGYKVVF_TRAV7-3_TRAJ12	3	1	8	8	5	0.0555679039786619	3	9	3	1	4	0.0751032669921142
CAAGITGNTGKLIF	TRAV14D-1	TRAJ37	CAAGITGNTGKLIF_TRAV14D-1_TRAJ37	4	5	4	2	3.75	0.0416759279839964	4	4	4	9	5.25	0.0985730379271498
CAAPMDY_QTR*SL	TRAV4D-3	TRAJ47	CAAPMDY_QTR*SL_TRAV4D-3_TRAJ47	3	5	18	4	7.5	0.0833518559679929	5	1	5	1	3	0.0563274502440856
CALSGNMGYKLTF	TRAV6-5	TRAJ9	CALSGNMGYKLTF_TRAV6-5_TRAJ9	3	12	16	7	9.5	0.105579017559458	1	11	7	3	5.5	0.103266992114157
CAPYGSSGNKLIF	TRAV4D-3	TRAJ32	CAPYGSSGNKLIF_TRAV4D-3_TRAJ32	3	9	3	5	5	0.0555679039786619	5	4	3	3	3.75	0.070409312805107
CAAEGTNAYKVIF	TRAV4D-3	TRAJ30	CAAEGTNAYKVIF_TRAV4D-3_TRAJ30	3	5	7	12	6.75	0.0750166703711936	13	15	3	3	8.5	0.159594442358243
CAAEMSNYNVLYF	TRAV5D-4	TRAJ21	CAAEMSNYNVLYF_TRAV5D-4_TRAJ21	5	10	1	8	6	0.0666814847743943	3	24	18	5	12.5	0.234697709350357
CAPITGNTGKLIF	TRAV13D-1	TRAJ37	CAPITGNTGKLIF_TRAV13D-1_TRAJ37	6	14	12	15	11.75	0.130584574349856	8	5	7	8	7	0.1314307172362
CAVSISNTNKVVF	TRAV7-6	TRAJ34	CAVSISNTNKVVF_TRAV7-6_TRAJ34	3	5	11	10	7.25	0.0805734607690598	11	9	3	2	6.25	0.117348854675178
CAAKNNAGAKLTF	TRAV14-1	TRAJ39	CAAKNNAGAKLTF_TRAV14-1_TRAJ39	9	6	3	4	5.5	0.0611246943765281	15	6	8	2	7.75	0.145512579797221
CAAARNSNNRIFF	TRAV10	TRAJ31	CAAARNSNNRIFF_TRAV10_TRAJ31	3	3	15	11	8	0.0889086463658591	10	16	8	4	9.5	0.178370259106271
CAATRNSNNRIFF	TRAV10	TRAJ31	CAATRNSNNRIFF_TRAV10_TRAJ31	3	1	10	11	6.25	0.0694598799733274	5	18	6	3	8	0.150206533984228
CAASRQGGRALIF	TRAV7-2	TRAJ15	CAASRQGGRALIF_TRAV7-2_TRAJ15	10	16	22	15	15.75	0.175038897532785	4	27	12	12	13.75	0.258167480285392
CAARPGSFNKLTF	TRAV14-1	TRAJ4	CAARPGSFNKLTF_TRAV14-1_TRAJ4	6	15	9	5	8.75	0.0972438319626584	9	15	3	6	8.25	0.154900488171235
CAAPSGSWQLIF	TRAV4D-3	TRAJ22	CAAPSGSWQLIF_TRAV4D-3_TRAJ22	9	3	6	13	7.75	0.086130251166926	9	4	4	3	5	0.0938790837401427
CAARTGGYKVVF	TRAV4D-4	TRAJ12	CAARTGGYKVVF_TRAV4D-4_TRAJ12	4	4	6	1	3.75	0.0416759279839964	4	2	10	2	4.5	0.0844911753661284
CATGYNQGKLIF	TRAV8-1	TRAJ23	CATGYNQGKLIF_TRAV8-1_TRAJ23	4	14	1	7	6.5	0.0722382751722605	10	3	14	10	9.25	0.173676304919264
CAARRSNYQLIW	TRAV14-2	TRAJ33	CAARRSNYQLIW_TRAV14-2_TRAJ33	3	2	9	17	7.75	0.086130251166926	9	1	2	1	3.25	0.0610214044310928
CAADYAQGLTF	TRAV4D-3	TRAJ26	CAADYAQGLTF_TRAV4D-3_TRAJ26	3	29	17	13	15.5	0.172260502333852	7	7	12	3	7.25	0.136124671423207
CAASGGYKVVF	TRAV5D-4	TRAJ12	CAASGGYKVVF_TRAV5D-4_TRAJ12	3	1	5	3	3	0.0333407423871972	4	11	4	2	5.25	0.0985730379271498
CALTRTQVVGQLTF	TRAV12D-2	TRAJ5	CALTRTQVVGQLTF_TRAV12D-2_TRAJ5	4	7	3	11	6.25	0.0694598799733274	5	2	2	2	2.75	0.0516334960570785
CAVSRSSNTNKVVF	TRAV7D-3	TRAJ34	CAVSRSSNTNKVVF_TRAV7D-3_TRAJ34	2	1	6	2	2.75	0.0305623471882641	3	1	2	2	2	0.0375516334960571
CALRSGS_VENSLW	TRAV12-3	TRAJ44	CALRSGS_VENSLW_TRAV12-3_TRAJ44	2	6	3	3	3.5	0.0388975327850633	3	1	5	1	2.5	0.0469395418700713
CAAEGQGGRALIF	TRAV4D-4	TRAJ15	CAAEGQGGRALIF_TRAV4D-4_TRAJ15	2	6	4	7	4.75	0.0527895087797288	5	4	6	1	4	0.0751032669921142
CAAEAG_QTR*SL	TRAV4D-3	TRAJ47	CAAEAG_QTR*SL_TRAV4D-3_TRAJ47	3	10	18	7	9.5	0.105579017559458	1	9	9	1	5	0.0938790837401427
CAAPSNNRIFF	TRAV4D-3	TRAJ31	CAAPSNNRIFF_TRAV4D-3_TRAJ31	4	10	6	2	5.5	0.0611246943765281	1	4	5	2	3	0.0563274502440856
CATDRGTNTGKLTF	TRAV8D-2	TRAJ27	CATDRGTNTGKLTF_TRAV8D-2_TRAJ27	1	3	3	3	2.5	0.027783951989331	1	3	4	2	2.5	0.0469395418700713
CALSVSNTNKVVF	TRAV12N-3	TRAJ34	CALSVSNTNKVVF_TRAV12N-3_TRAJ34	1	2	3	4	2.5	0.027783951989331	2	6	4	4	4	0.0751032669921142
CALSDGNTGKLTF	TRAV12N-3	TRAJ27	CALSDGNTGKLTF_TRAV12N-3_TRAJ27	1	3	2	2	2	0.0222271615914648	1	1	4	1	1.75	0.0328576793090499
CATKGSALGRLHF	TRAV8-1	TRAJ18	CATKGSALGRLHF_TRAV8-1_TRAJ18	1	6	22	1	7.5	0.0833518559679929	2	4	3	2	2.75	0.0516334960570785
CAASYNSNNRIFF	TRAV10	TRAJ31	CAASYNSNNRIFF_TRAV10_TRAJ31	1	6	9	4	5	0.0555679039786619	13	9	3	2	6.75	0.126736763049193
CAAGSSGNKLIF	TRAV4D-3	TRAJ32	CAAGSSGNKLIF_TRAV4D-3_TRAJ32	1	25	8	4	9.5	0.105579017559458	9	11	17	4	10.25	0.192452121667293
CAVDYAQGLTF	TRAV3-1	TRAJ26	CAVDYAQGLTF_TRAV3-1_TRAJ26	1	2	1	1	1.25	0.0138919759946655	1	2	5	4	3	0.0563274502440856
